0    0    0    0    0    0    0    0    0    0    0    0    0    0    0    0    0    0    0    0    0    0    0    0    0    0    0    0    1388    0    0    0    0    0    0    0    0    0    0    0    0    0    0    0    0    0    0    0    0    0    0    0    0    0    0    0    0    0    0    0    0    0    0    0    0    0    0    0    0    0    0    0    0    0    0    0    0    0    0    0    
0    0    0    0    0    0    0    0    0    0    0    1388    1388    1390    1393    1393    1393    1393    1393    1393    0    0    1389    1388    1388    1387    1388    1388    1388    1388    1388    0    0    0    0    0    0    0    0    0    0    0    1391    1388    1388    1388    1388    1388    1393    1393    1393    1397    1397    1393    1393    1393    1393    1393    1393    0    0    1393    1393    1393    1393    1393    1393    1393    1393    1397    0    0    0    0    0    0    0    0    0    0    
0    0    0    0    0    0    0    0    0    0    1388    1388    1388    1388    1390    1392    1392    1392    1392    1392    1389    1389    1388    1388    1388    1387    1387    1388    1388    1388    1388    1388    1388    1388    1388    0    0    0    0    1396    1395    1392    1388    1388    1388    1388    1388    1388    1388    1393    1393    1393    1393    1393    1393    1393    1393    1393    1393    1393    1393    1393    1393    1393    1393    1393    1393    1393    1393    1393    0    0    0    0    0    0    0    0    0    0    
0    0    0    0    0    0    0    0    0    0    1385    1385    1388    1388    1388    1388    1388    1392    1392    1389    1389    1388    1388    1388    1388    1387    1388    1388    1388    1388    1388    1388    1388    1388    1388    1388    1388    1390    1393    1393    1393    1390    1388    1388    1388    1388    1388    1388    1388    1393    1393    1393    1393    1393    1393    1393    1393    1393    1393    1393    1393    1393    1393    1393    1393    1393    1393    1393    1393    1393    1393    0    0    0    0    0    0    0    0    0    
0    0    0    0    0    0    0    0    0    0    1382    1382    1383    1388    1388    1388    1388    1388    1389    1388    1388    1388    1388    1388    1388    1388    1388    1388    1388    1388    1388    1388    1388    1388    1388    1388    1388    1389    1393    1393    1393    1390    1388    1388    1388    1388    1388    1388    1389    1393    1393    1393    1393    1393    1393    1393    1393    1393    1393    1393    1393    1393    1393    1393    1393    1393    1393    1393    1393    1393    1393    1394    1393    1394    1397    0    0    0    0    0    
0    0    0    0    0    0    0    0    0    1384    1382    1382    1382    1382    1387    1387    1387    1388    1388    1388    1388    1388    1388    1388    1388    1388    1388    1388    1388    1388    1388    1388    1388    1388    1388    1388    1388    1390    1393    1393    1393    1390    1388    1388    1388    1388    1388    1388    1389    1393    1393    1393    1393    1393    1393    1393    1393    1393    1393    1393    1393    1393    1393    1393    1393    1393    1393    1393    1393    1395    1396    1396    1395    1396    1398    1396    0    0    0    0    
0    0    0    0    0    0    0    0    0    1382    1382    1382    1382    1382    1384    1387    1387    1388    1388    1388    1388    1388    1388    1388    1388    1388    1388    1388    1388    1388    1388    1388    1388    1388    1388    1390    1390    1393    1393    1393    1393    1390    1388    1388    1388    1388    1388    1388    1389    1392    1393    1393    1393    1393    1393    1393    1393    1393    1393    1393    1393    1393    1393    1393    1393    1393    1393    1393    1395    1399    1399    1399    1399    1401    1415    1428    0    0    0    0    
0    0    0    0    0    0    0    0    0    1382    1382    1382    1382    1382    1387    1388    1388    1388    1388    1389    1389    1388    1388    1388    1388    1388    1388    1388    1388    1388    1388    1388    1388    1388    1388    1392    1392    1393    1393    1393    1393    1390    1388    1388    1388    1388    1388    1388    1388    1389    1392    1393    1393    1393    1393    1393    1393    1393    1393    1393    1393    1393    1393    1393    1393    1393    1393    1393    1399    1399    1399    1399    1399    1401    1415    1434    1434    0    0    0    
0    0    0    0    0    0    0    0    0    1382    1382    1382    1382    1382    1388    1388    1388    1388    1388    1389    1389    1388    1388    1388    1384    1388    1388    1388    1388    1388    1388    1388    1388    1388    1388    1388    1392    1392    1393    1393    1393    1390    1388    1388    1388    1388    1388    1388    1388    1388    1388    1392    1393    1393    1393    1393    1393    1393    1393    1393    1393    1393    1393    1393    1393    1393    1393    1393    1399    1399    1399    1399    1399    1403    1419    1440    1446    1446    0    0    
0    0    0    0    0    0    0    0    0    1389    1382    1382    1382    1383    1388    1388    1388    1388    1388    1389    1389    1388    1388    1384    1384    1384    1388    1388    1388    1388    1388    1388    1388    1388    1388    1388    1388    1392    1393    1393    1393    1390    1388    1388    1388    1388    1387    1388    1388    1388    1388    1388    1392    1393    1393    1393    1393    1393    1393    1393    1393    1393    1393    1393    1393    1393    1393    1393    1399    1399    1399    1399    1399    1401    1422    1446    1446    1452    0    0    
0    0    0    0    0    0    0    0    0    1390    1388    1388    1388    1388    1388    1388    1388    1388    1388    1388    1388    1388    1388    1382    1382    1382    1388    1388    1388    1388    1388    1388    1388    1388    1388    1388    1388    1388    1393    1393    1393    1390    1388    1388    1385    1384    1384    1387    1388    1388    1388    1388    1388    1393    1393    1393    1393    1393    1393    1393    1393    1393    1393    1393    1393    1393    1393    1393    1399    1399    1399    1399    1399    1401    1420    1434    1446    1452    0    0    
0    0    0    0    0    0    0    0    1393    1393    1388    1388    1388    1388    1388    1388    1388    1388    1388    1388    1388    1388    1388    1382    1382    1382    1388    1388    1388    1388    1388    1388    1388    1388    1388    1388    1388    1389    1393    1393    1393    1390    1388    1388    1384    1384    1382    1382    1387    1388    1388    1388    1388    1390    1390    1393    1393    1393    1393    1393    1393    1393    1393    1393    1393    1393    1393    1393    1399    1399    1399    1399    1399    1399    1422    1437    1452    0    0    0    
0    0    0    0    0    0    0    0    1393    1393    1391    1388    1388    1388    1388    1388    1388    1388    1388    1388    1388    1388    1384    1382    1382    1382    1388    1388    1388    1388    1388    1388    1388    1388    1388    1388    1388    1388    1393    1393    1393    1390    1388    1388    1388    1384    1382    1382    1382    1388    1388    1388    1388    1388    1390    1390    1393    1393    1393    1393    1393    1393    1393    1393    1393    1393    1393    1393    1393    1398    1398    1398    1394    1395    1413    1440    0    0    0    0    
0    0    0    0    0    0    0    0    1393    1393    1393    1388    1388    1388    1388    1388    1388    1383    1383    1388    1388    1388    1382    1382    1382    1382    1386    1388    1388    1388    1388    1388    1388    1388    1388    1388    1388    1388    1388    1392    1390    1389    1388    1388    1388    1382    1382    1382    1382    1386    1388    1388    1388    1388    1388    1390    1390    1393    1393    1393    1393    1393    1393    1393    1393    1393    1393    1393    1393    1393    1393    1394    1393    1395    0    0    0    0    0    0    
0    0    0    0    0    0    0    0    1397    1393    1393    1393    1388    1388    1388    1388    1383    1383    1383    1382    1386    1386    1383    1382    1382    1382    1386    1386    1386    1388    1388    1388    1388    1388    1387    1383    1387    1388    1388    1388    1388    1388    1388    1388    1388    1382    1382    1382    1382    1386    1387    1388    1388    1388    1388    1388    1388    1390    1392    1393    1393    1393    1393    1393    1393    1393    1393    1393    1393    1393    1393    1393    1393    1394    0    0    0    0    0    0    
0    0    0    0    0    0    0    0    1397    1393    1393    1393    1389    1388    1388    1383    1382    1382    1382    1382    1382    1386    1387    1383    1382    1388    1388    1388    1388    1388    1388    1388    1388    1388    1382    1382    1382    1387    1388    1388    1388    1388    1388    1388    1388    1388    1382    1382    1382    1383    1386    1388    1388    1388    1388    1388    1388    1388    1389    1393    1393    1393    1393    1393    1393    1393    1393    1393    1393    1393    1393    1393    1393    1391    0    0    0    0    0    0    
0    0    0    0    0    0    0    0    1397    1393    1393    1393    1388    1388    1388    1382    1382    1382    1382    1382    1382    1387    1388    1388    1388    1388    1388    1388    1388    1388    1388    1388    1388    1388    1382    1382    1382    1382    1388    1388    1388    1388    1388    1388    1388    1388    1388    1382    1382    1383    1386    1388    1387    1388    1388    1388    1388    1388    1392    1393    1393    1393    1393    1393    1393    1393    1393    1393    1393    1393    1393    1393    1394    1391    0    0    0    0    0    0    
0    0    0    0    0    0    0    0    1392    1393    1393    1388    1388    1388    1383    1382    1382    1382    1382    1382    1382    1388    1388    1388    1388    1388    1388    1388    1388    1388    1388    1388    1388    1388    1382    1382    1382    1382    1388    1388    1388    1388    1388    1388    1388    1388    1388    1382    1382    1383    1386    1387    1387    1388    1388    1388    1388    1388    1392    1393    1393    1393    1393    1393    1393    1393    1393    1393    1393    1393    1393    1393    1393    1393    1393    1388    1388    0    0    0    
0    0    0    0    0    0    0    1391    1388    1388    1388    1388    1388    1388    1382    1382    1382    1382    1382    1382    1382    1388    1388    1388    1388    1388    1388    1388    1388    1388    1388    1388    1388    1388    1382    1382    1382    1382    1383    1388    1388    1385    1385    1388    1388    1388    1388    1382    1383    1383    1387    1388    1388    1388    1388    1388    1388    1388    1392    1393    1393    1393    1393    1393    1393    1393    1393    1393    1393    1393    1393    1393    1394    1393    1393    1388    1388    1388    0    0    
0    0    0    0    0    0    0    1388    1388    1388    1388    1388    1388    1388    1382    1382    1382    1382    1382    1382    1382    1388    1388    1388    1388    1388    1388    1388    1388    1388    1388    1388    1388    1388    1383    1382    1382    1382    1383    1388    1388    1385    1385    1388    1388    1388    1388    1383    1387    1387    1388    1388    1388    1388    1388    1388    1388    1388    1392    1393    1393    1393    1393    1393    1393    1393    1393    1393    1393    1393    1393    1393    1395    1393    1393    1393    1393    1388    0    0    
0    0    0    0    0    0    0    1400    1388    1388    1388    1388    1388    1388    1388    1382    1382    1382    1382    1382    1387    1388    1388    1388    1388    1388    1388    1388    1388    1388    1388    1388    1388    1388    1387    1382    1382    1382    1382    1383    1382    1382    1382    1382    1388    1387    1388    1387    1388    1388    1388    1388    1388    1388    1388    1388    1388    1388    1392    1393    1393    1393    1393    1393    1393    1393    1393    1393    1393    1393    1393    1393    1398    1393    1393    1393    1393    1393    0    0    
0    0    0    0    0    0    0    0    1388    1388    1388    1388    1388    1388    1388    1388    1386    1386    1386    1387    1388    1388    1388    1388    1388    1388    1388    1388    1388    1388    1388    1388    1388    1388    1388    1383    1382    1382    1382    1382    1382    1382    1382    1382    1382    1383    1383    1386    1388    1388    1388    1388    1388    1388    1388    1388    1388    1388    1393    1393    1393    1393    1393    1393    1393    1393    1393    1393    1393    1393    1393    1393    1398    1399    1393    1393    1393    1393    0    0    
0    0    0    0    0    0    0    0    1388    1388    1388    1388    1387    1387    1388    1388    1388    1386    1387    1387    1388    1388    1388    1388    1388    1388    1388    1388    1388    1388    1388    1388    1388    1388    1388    1388    1383    1382    1382    1382    1382    1382    1382    1382    1382    1382    1382    1383    1387    1388    1388    1388    1388    1388    1388    1388    1388    1388    1390    1393    1393    1393    1393    1393    1393    1393    1393    1393    1393    1393    1393    1393    1397    1396    1393    1393    1393    0    0    0    
0    0    0    0    0    0    0    0    1387    1387    1384    1382    1382    1387    1388    1388    1388    1386    1386    1386    1387    1387    1388    1388    1388    1388    1388    1388    1388    1388    1388    1388    1388    1388    1388    1388    1386    1383    1382    1382    1382    1382    1382    1382    1382    1382    1382    1383    1388    1388    1388    1388    1388    1388    1388    1388    1388    1388    1388    1390    1393    1393    1393    1393    1393    1393    1393    1393    1393    1393    1394    1394    1398    1399    0    0    0    0    0    0    
0    0    0    0    0    0    0    1394    1382    1384    1387    1382    1382    1387    1388    1388    1388    1386    1386    1382    1382    1382    1382    1387    1388    1388    1388    1388    1388    1388    1388    1388    1388    1388    1388    1388    1388    1386    1382    1383    1382    1378    1378    1382    1382    1382    1382    1383    1388    1388    1388    1388    1388    1388    1388    1388    1388    1388    1388    1389    1393    1393    1393    1393    1393    1393    1393    1393    1393    1393    1394    1394    1394    1402    1416    0    0    0    0    0    
0    0    0    0    0    0    0    1394    1382    1384    1387    1387    1387    1388    1388    1388    1388    1386    1382    1382    1382    1382    1382    1382    1382    1386    1388    1388    1388    1388    1388    1388    1388    1388    1391    1391    1388    1386    1386    1386    1382    1378    1378    1382    1382    1382    1383    1388    1388    1388    1388    1388    1388    1388    1388    1388    1388    1388    1388    1388    1393    1393    1393    1393    1393    1393    1393    1393    1393    1393    1394    1394    1395    1401    1422    1429    1437    1422    1425    1422    
0    0    0    0    0    0    0    1394    1382    1387    1387    1387    1387    1388    1388    1388    1388    1386    1382    1382    1382    1382    1382    1382    1382    1382    1382    1388    1388    1388    1388    1388    1388    1388    1391    1391    1391    1386    1385    1386    1382    1378    1376    1376    1382    1382    1383    1388    1388    1388    1388    1388    1388    1388    1388    1388    1388    1388    1388    1388    1393    1393    1393    1393    1393    1393    1393    1393    1393    1393    1394    1395    1396    1408    1423    1432    1436    1426    1426    1425    
0    0    0    0    0    0    0    1382    1382    1382    1387    1382    1382    1388    1388    1388    1388    1382    1382    1382    1382    1382    1382    1382    1382    1382    1382    1387    1388    1388    1388    1388    1388    1388    1390    1390    1388    1385    1385    1382    1382    1378    1376    1376    1382    1382    1387    1388    1388    1388    1388    1388    1388    1388    1388    1388    1388    1388    1388    1388    1393    1393    1393    1393    1393    1393    1393    1393    1393    1395    1395    1395    1396    1411    1419    1432    1434    1422    1426    1422    
0    0    0    0    0    0    0    1382    1382    1382    1382    1382    1382    1382    1384    1388    1385    1382    1382    1382    1382    1382    1382    1382    1382    1382    1382    1383    1388    1388    1388    1388    1388    1388    1388    1388    1388    1385    1382    1382    1382    1379    1376    1376    1382    1382    1387    1388    1388    1388    1388    1388    1388    1388    1388    1388    1388    1388    1388    1388    1390    1393    1393    1393    1393    1393    1393    1393    1393    1395    1395    1395    1398    1403    1414    1425    1416    1410    0    0    
0    0    0    0    0    0    0    1381    1381    1382    1382    1382    1382    1382    1382    1385    1385    1382    1382    1382    1382    1382    1382    1382    1382    1382    1382    1382    1384    1388    1388    1388    1388    1388    1388    1388    1388    1382    1382    1382    1382    1379    1378    1378    1382    1382    1387    1388    1388    1388    1388    1388    1388    1388    1388    1388    1388    1388    1388    1388    1389    1390    1393    1393    1393    1393    1393    1393    1393    1395    1395    1395    1398    1412    1410    1393    1410    1410    0    0    
0    0    0    0    0    0    1382    1381    1381    1382    1382    1382    1382    1382    1382    1383    1383    1382    1382    1382    1382    1382    1382    1382    1382    1382    1382    1382    1382    1384    1388    1388    1388    1388    1388    1388    1388    1382    1382    1382    1382    1382    1378    1378    1382    1382    1388    1388    1388    1388    1388    1388    1388    1388    1388    1388    1388    1388    1388    1388    1389    1389    1390    1393    1393    1393    1393    1393    1393    1395    1396    1395    1396    1415    1422    1422    1410    0    0    0    
0    0    0    0    0    1392    1375    1376    1379    1381    1382    1382    1382    1382    1382    1384    1384    1382    1382    1382    1382    1382    1382    1382    1382    1382    1382    1382    1382    1382    1388    1388    1388    1388    1388    1388    1388    1382    1382    1382    1382    1382    1378    1378    1382    1382    1388    1388    1388    1388    1388    1388    1388    1388    1388    1388    1388    1388    1388    1390    1390    1393    1393    1393    1393    1393    1393    1393    1393    1396    1396    1396    1396    1420    1422    1422    0    0    0    0    
0    0    0    0    0    1375    1375    1376    1376    1379    1382    1382    1382    1382    1382    1384    1384    1384    1382    1382    1382    1382    1382    1382    1382    1382    1382    1382    1382    1382    1388    1388    1388    1388    1388    1388    1388    1382    1382    1382    1382    1382    1381    1381    1382    1382    1387    1388    1388    1388    1388    1388    1388    1388    1388    1388    1388    1388    1388    1393    1393    1393    1393    1393    1393    1393    1393    1393    1393    1396    1396    1396    1395    1417    1416    0    0    0    0    0    
0    0    0    0    0    1367    1371    1376    1376    1376    1381    1382    1382    1382    1382    1382    1384    1384    1383    1382    1382    1383    1383    1382    1382    1382    1382    1382    1382    1387    1388    1388    1388    1388    1388    1388    1383    1382    1382    1382    1382    1382    1381    1381    1382    1382    1385    1388    1388    1388    1388    1388    1388    1388    1388    1388    1388    1388    1388    1393    1393    1393    1393    1393    1393    1393    1393    1393    1393    1395    1396    1396    1394    1395    0    0    0    0    0    0    
0    0    0    0    0    1366    1366    1374    1376    1376    1376    1381    1382    1382    1382    1382    1384    1383    1383    1382    1382    1383    1383    1383    1382    1382    1382    1383    1387    1387    1388    1388    1388    1388    1388    1388    1383    1382    1382    1382    1382    1382    1381    1381    1382    1382    1385    1388    1388    1388    1388    1388    1388    1388    1388    1388    1388    1388    1388    1388    1393    1389    1389    1392    1393    1393    1393    1393    1393    1395    1396    1396    1392    1388    0    0    0    0    0    0    
0    0    0    0    0    1367    1369    1374    1376    1376    1376    1381    1382    1382    1382    1382    1382    1382    1382    1382    1382    1385    1385    1383    1382    1382    1382    1383    1387    1387    1387    1388    1388    1388    1388    1388    1384    1382    1382    1382    1382    1382    1382    1382    1382    1382    1388    1388    1388    1388    1388    1388    1388    1388    1388    1388    1388    1388    1388    1388    1389    1388    1388    1392    1393    1393    1393    1393    1393    1395    1395    1394    1384    1388    1380    0    0    0    0    0    
0    0    0    0    0    1376    1371    1376    1376    1376    1377    1381    1382    1382    1382    1382    1382    1382    1382    1382    1382    1385    1385    1383    1382    1383    1382    1384    1387    1387    1388    1388    1388    1388    1388    1388    1384    1382    1382    1382    1384    1382    1382    1382    1382    1387    1388    1388    1388    1388    1389    1388    1388    1388    1388    1388    1388    1388    1388    1388    1389    1388    1388    1393    1393    1393    1393    1393    1393    1395    1398    1398    1395    1378    1388    1423    1416    0    0    0    
0    0    0    0    0    1376    1371    1376    1376    1376    1376    1381    1382    1382    1382    1382    1382    1382    1382    1382    1383    1385    1385    1385    1383    1384    1384    1387    1387    1387    1387    1388    1388    1388    1388    1388    1384    1384    1383    1384    1384    1384    1382    1382    1384    1388    1388    1388    1388    1388    1389    1393    1388    1388    1388    1388    1388    1388    1388    1390    1393    1393    1393    1393    1393    1393    1393    1393    1393    1398    1398    1398    1398    1377    1364    1387    1387    1416    0    0    
0    0    0    0    0    1376    1371    1376    1376    1376    1376    1376    1377    1382    1382    1382    1382    1382    1382    1382    1384    1388    1388    1388    1385    1388    1387    1387    1387    1387    1388    1388    1388    1388    1388    1388    1388    1384    1384    1387    1385    1384    1382    1382    1384    1388    1388    1388    1388    1388    1393    1393    1393    1388    1388    1388    1388    1388    1388    1389    1393    1393    1393    1393    1393    1393    1393    1393    1393    1398    1398    1398    1396    1377    1358    1370    1387    1416    0    0    
0    0    0    0    0    0    1371    1371    1376    1376    1376    1376    1376    1376    1382    1382    1382    1382    1382    1382    1388    1388    1388    1388    1388    1388    1388    1388    1388    1387    1388    1388    1388    1388    1388    1388    1388    1388    1388    1387    1388    1384    1382    1382    1382    1388    1388    1388    1388    1388    1393    1393    1393    1393    1388    1388    1388    1388    1388    1388    1390    1393    1393    1393    1393    1393    1393    1393    1393    1398    1398    1398    1387    1356    1358    1364    1385    0    0    0    
0    0    0    0    0    0    1371    1371    1376    1376    1376    1376    1376    1376    1382    1382    1382    1382    1382    1383    1388    1388    1388    1389    1388    1388    1388    1388    1388    1388    1388    1388    1388    1388    1388    1388    1388    1388    1388    1388    1388    1385    1382    1382    1382    1388    1388    1388    1388    1388    1393    1393    1393    1392    1388    1388    1388    1388    1388    1388    1389    1393    1393    1393    1393    1393    1393    1393    1395    1398    1398    1395    1399    1361    1362    1376    0    0    0    0    
0    0    0    0    0    0    1372    1371    1376    1376    1376    1376    1376    1376    1382    1382    1382    1382    1382    1387    1388    1388    1388    1392    1388    1388    1388    1388    1388    1388    1388    1388    1388    1388    1388    1388    1388    1385    1388    1388    1385    1384    1379    1382    1385    1388    1388    1388    1388    1390    1393    1393    1393    1389    1388    1389    1388    1389    1388    1389    1393    1393    1393    1393    1393    1393    1393    1393    1398    1398    1398    1396    1396    1422    1402    1422    1464    0    0    0    
0    0    0    0    0    0    1434    1376    1376    1376    1376    1376    1376    1382    1382    1382    1382    1382    1382    1387    1388    1388    1388    1388    1388    1388    1388    1388    1388    1388    1388    1388    1388    1388    1388    1388    1387    1384    1385    1385    1385    1384    1382    1382    1388    1388    1388    1388    1388    1390    1393    1393    1388    1388    1388    1389    1389    1393    1393    1393    1393    1393    1393    1393    1393    1393    1393    1393    1398    1398    1398    1395    1398    1410    1419    1411    1434    0    0    0    
0    0    0    0    0    0    0    1376    1376    1376    1376    1376    1377    1382    1382    1382    1382    1382    1382    1382    1388    1388    1388    1388    1388    1388    1388    1388    1388    1388    1388    1388    1388    1391    1388    1388    1388    1385    1388    1388    1388    1384    1382    1382    1388    1388    1388    1388    1388    1389    1393    1392    1388    1388    1388    1389    1393    1393    1393    1393    1393    1393    1393    1393    1393    1393    1393    1393    1398    1398    1398    1395    1400    1412    1416    1417    1439    0    0    0    
0    0    0    0    0    0    0    1376    1376    1376    1376    1376    1376    1377    1376    1382    1382    1382    1382    1382    1387    1388    1388    1388    1388    1388    1388    1388    1388    1388    1388    1388    1392    1392    1392    1389    1388    1388    1388    1388    1388    1385    1382    1382    1385    1388    1388    1388    1388    1388    1389    1388    1388    1388    1388    1388    1393    1393    1393    1393    1393    1393    1393    1393    1393    1393    1393    1393    1398    1398    1396    1395    1397    1404    1405    1416    1443    1440    0    0    
0    0    0    0    0    0    0    1379    1376    1376    1376    1376    1376    1376    1376    1376    1382    1382    1382    1382    1382    1388    1388    1388    1388    1388    1388    1388    1388    1388    1388    1388    1392    1392    1392    1392    1388    1388    1388    1388    1388    1382    1379    1382    1384    1385    1388    1388    1388    1388    1388    1388    1388    1388    1388    1388    1388    1393    1393    1393    1393    1393    1393    1393    1393    1393    1393    1393    1398    1399    1396    1397    1397    1408    1416    1431    1440    0    0    0    
0    0    0    0    0    0    0    0    1376    1376    1376    1376    1376    1376    1376    1378    1382    1382    1382    1382    1382    1386    1388    1388    1388    1388    1388    1388    1388    1388    1388    1388    1388    1392    1392    1388    1388    1388    1388    1388    1388    1384    1382    1382    1383    1387    1388    1387    1388    1388    1388    1388    1388    1388    1388    1388    1388    1393    1393    1393    1393    1393    1393    1393    1393    1393    1393    1393    1399    1399    1396    1397    1397    1410    1412    1422    0    0    0    0    
0    0    0    0    0    0    0    0    1377    1376    1376    1377    1376    1377    1378    1382    1382    1382    1382    1382    1382    1382    1388    1388    1388    1388    1388    1388    1388    1388    1388    1388    1388    1388    1388    1388    1387    1387    1387    1388    1388    1384    1382    1382    1387    1388    1388    1388    1388    1388    1388    1388    1388    1388    1388    1388    1388    1388    1393    1393    1393    1393    1393    1393    1393    1393    1393    1393    1398    1399    1399    1399    1399    1406    1408    1393    0    0    0    0    
0    0    0    0    0    0    0    1382    1382    1377    1376    1377    1377    1378    1382    1382    1382    1382    1382    1382    1382    1382    1385    1388    1388    1388    1388    1388    1388    1388    1388    1388    1388    1388    1388    1388    1387    1387    1387    1388    1388    1385    1383    1387    1387    1388    1388    1388    1388    1388    1388    1388    1388    1388    1388    1388    1388    1388    1390    1393    1393    1393    1393    1393    1393    1393    1393    1393    1398    1399    1399    1399    1402    1404    1408    1396    0    0    0    0    
0    0    0    0    0    0    0    1383    1380    1377    1376    1376    1376    1377    1382    1382    1382    1382    1382    1382    1382    1382    1382    1382    1382    1382    1382    1382    1385    1388    1387    1388    1388    1388    1388    1387    1387    1387    1387    1388    1388    1385    1385    1387    1387    1388    1388    1388    1388    1388    1388    1388    1388    1388    1388    1388    1388    1388    1388    1390    1393    1393    1393    1393    1393    1393    1393    1393    1395    1398    1399    1398    1400    1409    1400    1396    0    0    0    0    
0    0    0    0    0    0    0    1382    1376    1376    1376    1376    1376    1377    1382    1382    1382    1382    1382    1382    1382    1382    1382    1382    1382    1382    1382    1382    1382    1382    1385    1387    1388    1388    1388    1387    1387    1385    1385    1388    1388    1385    1385    1387    1387    1387    1388    1388    1388    1388    1388    1388    1388    1388    1388    1388    1388    1388    1388    1388    1390    1390    1393    1393    1393    1393    1393    1393    1398    1398    1398    1397    1401    1416    0    0    0    0    0    0    
0    0    0    0    0    0    0    1376    1373    1376    1376    1376    1376    1377    1381    1382    1382    1382    1382    1382    1382    1382    1382    1382    1382    1382    1382    1382    1382    1382    1382    1382    1385    1388    1387    1387    1382    1382    1382    1387    1385    1388    1385    1387    1387    1387    1388    1388    1388    1387    1388    1388    1388    1388    1388    1387    1388    1388    1388    1388    1388    1390    1393    1393    1393    1393    1393    1393    1398    1398    1398    1397    1401    1393    0    0    0    0    0    0    
0    0    0    0    0    0    1472    1376    1375    1376    1376    1376    1376    1377    1381    1382    1382    1382    1382    1382    1382    1377    1381    1379    1382    1379    1382    1382    1382    1382    1382    1382    1382    1385    1385    1382    1382    1382    1382    1382    1384    1387    1385    1387    1384    1384    1388    1388    1388    1382    1384    1387    1388    1388    1388    1387    1388    1388    1388    1388    1388    1388    1393    1393    1393    1393    1393    1396    1397    1398    1396    1397    1401    1393    0    0    0    0    0    0    
0    0    0    0    0    0    1374    1374    1375    1376    1376    1376    1376    1377    1381    1382    1382    1382    1382    1382    1382    1377    1378    1379    1379    1378    1377    1382    1382    1382    1382    1382    1382    1382    1382    1382    1382    1382    1382    1382    1384    1384    1384    1387    1384    1387    1388    1388    1387    1384    1384    1387    1388    1388    1388    1387    1388    1388    1388    1388    1388    1388    1393    1393    1393    1393    1393    1393    1396    1396    1396    1397    1391    1393    0    0    0    0    0    0    
0    0    0    0    0    0    1374    1374    1375    1376    1376    1377    1377    1381    1382    1382    1382    1382    1382    1382    1381    1378    1378    1379    1379    1377    1377    1382    1382    1382    1382    1382    1382    1382    1382    1382    1381    1381    1382    1382    1382    1382    1382    1382    1382    1384    1388    1388    1387    1384    1387    1387    1388    1388    1388    1388    1388    1388    1388    1388    1388    1388    1393    1393    1393    1393    1393    1393    1393    1396    1398    1396    1393    1398    0    0    0    0    0    0    
0    0    0    0    0    0    1376    1376    1376    1376    1377    1378    1381    1382    1382    1382    1382    1382    1382    1382    1381    1378    1378    1378    1378    1377    1377    1378    1382    1382    1382    1382    1382    1382    1382    1382    1381    1381    1381    1382    1382    1382    1382    1382    1382    1382    1388    1388    1387    1384    1387    1387    1388    1388    1388    1388    1388    1388    1388    1388    1388    1388    1390    1390    1393    1393    1393    1393    1393    1398    1398    1398    1395    1393    1393    0    0    0    0    0    
0    0    0    0    0    0    1376    1376    1376    1376    1381    1382    1382    1382    1382    1382    1382    1382    1382    1381    1378    1378    1378    1378    1378    1378    1378    1382    1382    1382    1382    1385    1385    1382    1382    1382    1381    1381    1381    1382    1382    1379    1378    1382    1382    1382    1382    1384    1384    1382    1384    1387    1388    1388    1388    1388    1388    1388    1388    1388    1388    1388    1388    1390    1390    1390    1393    1393    1393    1393    1398    1398    1397    1396    1393    0    0    0    0    0    
0    0    0    0    0    0    1376    1376    1376    1380    1381    1382    1382    1382    1382    1382    1382    1382    1382    1381    1381    1381    1382    1378    1378    1378    1382    1382    1382    1382    1385    1385    1385    1382    1382    1382    1381    1381    1381    1382    1382    1378    1376    1376    1382    1382    1382    1382    1382    1382    1382    1388    1388    1388    1388    1388    1388    1388    1388    1388    1388    1388    1388    1388    1388    1388    1390    1393    1393    1393    1398    1398    1398    1395    1393    0    0    0    0    0    
0    0    0    0    0    0    1375    1376    1379    1380    1381    1382    1382    1380    1380    1382    1381    1382    1381    1382    1382    1382    1382    1381    1382    1382    1382    1382    1382    1382    1385    1385    1385    1382    1382    1382    1381    1381    1381    1382    1382    1378    1376    1376    1376    1382    1382    1382    1382    1382    1387    1388    1388    1388    1388    1388    1388    1388    1388    1388    1388    1388    1388    1388    1388    1388    1388    1393    1393    1393    1398    1399    1399    1401    1393    0    0    0    0    0    
0    0    0    0    0    0    1375    1376    1376    1376    1376    1379    1380    1380    1380    1380    1382    1382    1382    1382    1382    1382    1382    1382    1382    1382    1382    1382    1382    1382    1382    1385    1382    1382    1382    1382    1381    1381    1381    1382    1382    1378    1376    1376    1376    1382    1382    1382    1382    1387    1388    1388    1388    1388    1388    1388    1388    1388    1388    1388    1388    1388    1388    1388    1388    1388    1388    1393    1393    1396    1398    1399    1399    1401    1404    0    0    0    0    0    
0    0    0    0    0    0    0    1375    1376    1376    1376    1376    1376    1380    1380    1381    1382    1382    1382    1382    1382    1382    1382    1382    1382    1382    1382    1382    1382    1382    1382    1385    1382    1382    1382    1382    1382    1381    1381    1382    1382    1378    1376    1376    1376    1382    1382    1382    1387    1388    1388    1388    1388    1388    1388    1388    1388    1388    1388    1388    1385    1385    1385    1388    1388    1388    1388    1393    1393    1393    1397    1398    1400    1405    1410    0    0    0    0    0    
0    0    0    0    0    0    0    1372    1375    1376    1376    1376    1377    1380    1380    1382    1382    1382    1382    1382    1382    1382    1382    1382    1382    1382    1382    1382    1382    1382    1382    1382    1382    1382    1382    1382    1382    1382    1382    1382    1382    1378    1376    1376    1376    1382    1382    1382    1387    1388    1388    1388    1388    1390    1388    1388    1388    1388    1388    1388    1385    1385    1385    1388    1388    1388    1390    1393    1393    1393    1397    1398    1401    1404    1410    0    0    0    0    0    
0    0    0    0    0    0    0    0    1372    1376    1376    1376    1376    1380    1380    1382    1382    1382    1382    1382    1382    1382    1382    1380    1380    1380    1382    1382    1382    1382    1382    1386    1386    1382    1382    1382    1382    1382    1382    1382    1382    1378    1376    1376    1376    1382    1382    1382    1387    1388    1388    1388    1390    1392    1392    1388    1388    1388    1388    1388    1388    1388    1388    1388    1388    1389    1393    1393    1393    1393    1397    1397    1403    1413    0    0    0    0    0    0    
0    0    0    0    0    0    0    0    1372    1376    1376    1376    1376    1379    1382    1382    1382    1382    1382    1382    1382    1382    1381    1376    1376    1376    1382    1382    1382    1382    1382    1382    1384    1384    1382    1382    1382    1382    1382    1382    1382    1378    1376    1376    1376    1382    1382    1382    1387    1388    1388    1390    1392    1393    1393    1390    1388    1388    1388    1388    1388    1388    1388    1388    1389    1390    1393    1393    1393    1393    1393    1398    1410    1416    1422    0    0    0    0    0    
0    0    0    0    0    0    0    0    1371    1371    1376    1376    1376    1376    1381    1382    1382    1382    1382    1382    1382    1380    1376    1376    1376    1376    1379    1379    1379    1382    1382    1382    1382    1382    1382    1382    1382    1382    1382    1382    1382    1378    1377    1376    1377    1382    1382    1382    1387    1388    1390    1393    1393    1393    1393    1393    1393    1389    1388    1388    1388    1388    1388    1388    1389    1390    1393    1393    1393    1393    1393    1396    1416    1416    1416    0    0    0    0    0    
0    0    0    0    0    0    0    0    1371    1371    1376    1376    1376    1376    1382    1382    1382    1382    1382    1382    1382    1376    1376    1376    1376    1376    1376    1379    1379    1382    1382    1382    1382    1382    1382    1382    1382    1382    1382    1382    1383    1379    1378    1376    1378    1382    1382    1382    1388    1388    1393    1393    1393    1393    1393    1393    1393    1393    1388    1388    1388    1388    1388    1389    1390    1390    1393    1393    1393    1393    1393    1396    1398    1416    0    0    0    0    0    0    
0    0    0    0    0    0    0    1371    1371    1371    1376    1376    1376    1376    1380    1382    1382    1382    1382    1382    1382    1376    1376    1376    1376    1376    1376    1379    1382    1382    1382    1382    1382    1382    1382    1382    1382    1382    1387    1388    1385    1379    1379    1376    1382    1382    1382    1382    1388    1388    1389    1393    1393    1393    1393    1393    1393    1392    1388    1388    1388    1388    1388    1390    1390    1393    1393    1393    1393    1393    1393    1396    1395    0    0    0    0    0    0    0    
0    0    0    0    0    0    0    1373    1371    1373    1376    1376    1376    1379    1382    1382    1382    1382    1382    1382    1382    1377    1376    1376    1376    1376    1376    1382    1382    1382    1382    1382    1382    1382    1382    1382    1382    1382    1388    1388    1388    1382    1377    1377    1380    1382    1382    1382    1383    1388    1388    1389    1393    1393    1393    1393    1392    1388    1388    1388    1388    1388    1389    1390    1393    1393    1393    1393    1393    1396    1397    1393    1399    0    0    0    0    0    0    0    
0    0    0    0    0    0    0    1376    1373    1376    1376    1376    1379    1379    1382    1382    1382    1382    1382    1382    1382    1377    1376    1376    1376    1376    1376    1379    1382    1382    1382    1382    1382    1382    1382    1382    1382    1386    1388    1388    1388    1382    1377    1380    1380    1382    1382    1382    1382    1384    1388    1388    1388    1388    1388    1388    1388    1388    1388    1388    1389    1389    1389    1390    1393    1393    1393    1393    1393    1396    1398    1393    1396    1404    0    0    0    0    0    0    
0    0    0    0    0    0    1479    1377    1376    1376    1376    1376    1380    1382    1382    1382    1382    1382    1382    1382    1382    1377    1376    1376    1376    1376    1376    1379    1380    1382    1382    1382    1382    1382    1382    1382    1382    1382    1386    1386    1383    1378    1376    1376    1377    1377    1382    1382    1382    1382    1388    1388    1388    1388    1388    1388    1388    1388    1388    1388    1389    1389    1389    1389    1393    1393    1393    1393    1393    1396    1395    1395    1396    1404    1416    0    0    0    0    0    
0    0    0    0    0    0    1382    1382    1376    1376    1376    1376    1382    1382    1382    1382    1382    1382    1382    1382    1379    1377    1376    1376    1376    1376    1376    1379    1380    1382    1382    1382    1382    1382    1382    1382    1382    1382    1382    1382    1382    1378    1376    1376    1376    1377    1382    1382    1382    1382    1384    1388    1388    1388    1388    1388    1388    1388    1388    1388    1388    1388    1388    1389    1390    1393    1393    1393    1393    1393    1390    1393    1395    1396    1416    0    0    0    0    0    
0    0    0    0    0    0    1382    1382    1379    1376    1376    1377    1382    1382    1382    1382    1382    1382    1382    1382    1379    1377    1376    1376    1376    1376    1376    1380    1380    1382    1382    1382    1382    1382    1382    1382    1382    1382    1382    1382    1382    1378    1376    1376    1376    1376    1377    1382    1382    1382    1382    1384    1384    1384    1388    1388    1388    1387    1388    1388    1388    1388    1388    1388    1390    1393    1393    1393    1393    1393    1391    1393    1394    1396    1388    0    0    0    0    0    
0    0    0    0    0    0    1382    1382    1379    1376    1376    1377    1382    1382    1382    1382    1382    1382    1382    1382    1377    1377    1376    1376    1376    1376    1376    1377    1382    1382    1382    1382    1382    1382    1382    1382    1382    1382    1382    1382    1382    1378    1376    1376    1376    1376    1376    1378    1382    1382    1382    1382    1382    1382    1382    1383    1384    1387    1387    1388    1388    1388    1388    1388    1390    1393    1393    1393    1393    1393    1392    1398    1394    1396    1388    0    0    0    0    0    
0    0    0    0    0    0    0    1382    1382    1376    1376    1377    1382    1382    1382    1382    1382    1382    1382    1382    1377    1377    1376    1378    1376    1376    1376    1377    1382    1382    1382    1382    1382    1382    1382    1382    1382    1382    1382    1382    1382    1378    1376    1376    1376    1376    1376    1377    1377    1382    1382    1382    1381    1382    1382    1382    1382    1384    1387    1388    1388    1388    1388    1388    1388    1392    1393    1393    1393    1393    1393    1398    1398    1396    0    0    0    0    0    0    
0    0    0    0    0    0    0    1382    1382    1377    1377    1382    1382    1382    1382    1380    1382    1382    1382    1382    1377    1377    1376    1378    1376    1376    1376    1376    1382    1382    1382    1382    1382    1382    1382    1382    1382    1382    1382    1382    1382    1378    1376    1376    1376    1376    1376    1377    1377    1382    1382    1382    1381    1382    1382    1382    1382    1384    1388    1388    1388    1388    1388    1388    1388    1388    1390    1393    1393    1393    1392    1398    1398    1393    0    0    0    0    0    0    
0    0    0    0    0    0    0    1382    1382    1380    1382    1382    1382    1382    1380    1380    1380    1382    1382    1382    1377    1377    1377    1377    1376    1376    1376    1376    1382    1382    1382    1382    1382    1382    1382    1382    1382    1377    1382    1382    1382    1378    1376    1376    1376    1376    1377    1377    1377    1382    1382    1382    1382    1382    1382    1382    1382    1387    1388    1388    1388    1388    1388    1388    1388    1388    1388    1391    1393    1390    1389    1392    1393    1399    0    0    0    0    0    0    
0    0    0    0    0    0    0    1382    1382    1382    1382    1382    1382    1382    1382    1380    1380    1379    1380    1381    1379    1381    1377    1377    1376    1376    1376    1377    1382    1382    1382    1382    1382    1382    1382    1382    1382    1379    1382    1382    1382    1379    1378    1376    1377    1378    1378    1382    1382    1382    1382    1382    1382    1382    1382    1382    1382    1387    1388    1388    1388    1388    1388    1389    1388    1388    1388    1388    1388    1388    1384    1391    1393    1399    0    0    0    0    0    0    
0    0    0    0    0    0    1372    1376    1377    1380    1382    1382    1382    1382    1382    1380    1379    1376    1376    1379    1379    1379    1376    1376    1376    1376    1376    1377    1382    1382    1382    1382    1382    1382    1382    1382    1382    1382    1382    1382    1382    1382    1382    1382    1382    1382    1382    1382    1382    1382    1382    1382    1382    1382    1382    1382    1382    1385    1388    1388    1388    1388    1388    1392    1389    1388    1388    1388    1388    1385    1383    1392    1393    1393    0    0    0    0    0    0    
0    0    0    0    0    0    1372    1373    1376    1377    1380    1382    1382    1382    1382    1380    1376    1376    1376    1376    1376    1376    1376    1376    1376    1376    1376    1376    1382    1382    1382    1382    1382    1382    1382    1382    1382    1382    1382    1382    1383    1383    1383    1382    1382    1382    1382    1382    1382    1382    1382    1382    1382    1382    1382    1382    1382    1382    1387    1388    1388    1388    1388    1393    1393    1391    1388    1388    1388    1385    1384    1387    1393    1393    0    0    0    0    0    0    
0    0    0    0    0    1371    1371    1376    1376    1376    1376    1380    1382    1382    1382    1379    1376    1376    1376    1376    1376    1376    1376    1376    1376    1376    1376    1376    1382    1382    1382    1382    1382    1382    1382    1382    1382    1382    1382    1383    1383    1384    1384    1383    1382    1382    1382    1382    1382    1382    1382    1382    1382    1382    1382    1382    1382    1382    1382    1388    1388    1388    1388    1390    1393    1391    1388    1388    1388    1386    1384    1387    1391    1393    1393    0    0    0    0    0    
0    0    0    0    0    1376    1376    1376    1376    1376    1376    1380    1382    1382    1382    1379    1376    1376    1376    1376    1376    1376    1376    1376    1376    1376    1376    1376    1381    1382    1382    1382    1382    1382    1382    1382    1382    1382    1382    1383    1384    1387    1387    1386    1382    1382    1382    1382    1382    1382    1382    1382    1382    1382    1382    1382    1382    1382    1382    1384    1388    1388    1388    1390    1393    1391    1388    1388    1388    1385    1384    1390    1392    1393    1393    0    0    0    0    0    
0    0    0    0    0    1376    1376    1376    1376    1376    1376    1379    1382    1382    1382    1379    1376    1376    1376    1376    1376    1375    1376    1376    1376    1376    1376    1376    1376    1381    1382    1382    1382    1382    1382    1382    1382    1382    1382    1382    1384    1387    1388    1387    1387    1382    1382    1382    1382    1382    1382    1382    1382    1382    1382    1382    1382    1382    1382    1382    1388    1388    1388    1389    1389    1388    1388    1388    1388    1384    1384    1387    1392    1393    1393    0    0    0    0    0    
0    0    0    0    0    1376    1376    1376    1376    1376    1376    1376    1380    1382    1382    1379    1376    1376    1376    1376    1375    1371    1371    1376    1376    1376    1376    1376    1376    1381    1382    1382    1381    1381    1378    1382    1382    1382    1382    1382    1383    1384    1387    1387    1387    1387    1383    1382    1382    1382    1382    1382    1382    1382    1382    1382    1382    1382    1382    1382    1388    1388    1388    1388    1388    1388    1388    1388    1388    1384    1384    1387    1392    1393    1422    1434    0    0    0    0    
0    0    0    0    0    1376    1374    1374    1374    1374    1375    1376    1376    1379    1379    1376    1376    1376    1376    1375    1371    1371    1371    1371    1376    1376    1376    1376    1377    1382    1382    1382    1382    1382    1379    1382    1382    1382    1382    1382    1382    1382    1383    1387    1387    1387    1387    1382    1382    1382    1382    1382    1382    1382    1382    1382    1379    1382    1382    1382    1382    1388    1388    1388    1388    1388    1388    1388    1388    1385    1383    1391    1391    1393    1434    1440    1440    0    0    0    
0    0    0    0    0    1372    1373    1373    1371    1371    1371    1376    1376    1376    1376    1376    1376    1376    1375    1372    1371    1371    1371    1371    1376    1376    1376    1376    1377    1382    1382    1382    1382    1382    1379    1382    1382    1382    1382    1382    1382    1382    1382    1382    1382    1382    1382    1382    1382    1382    1382    1382    1382    1382    1376    1376    1376    1379    1378    1382    1382    1382    1388    1388    1388    1388    1388    1388    1388    1388    1386    1391    1407    0    0    1434    0    0    0    0    
0    0    0    0    0    1371    1371    1371    1371    1371    1371    1375    1376    1376    1374    1371    1371    1374    1372    1371    1371    1371    1371    1376    1376    1376    1376    1376    1377    1382    1382    1382    1382    1382    1376    1382    1382    1380    1382    1382    1382    1378    1378    1376    1381    1381    1382    1382    1382    1382    1382    1382    1382    1377    1376    1376    1376    1377    1376    1382    1382    1382    1382    1388    1388    1388    1388    1388    1388    1388    1392    1400    1401    0    0    0    0    0    0    0    
0    0    0    0    0    1372    1371    1371    1371    1370    1370    1374    1374    1374    1371    1371    1371    1371    1371    1371    1371    1371    1371    1376    1376    1376    1376    1377    1378    1382    1382    1382    1382    1376    1376    1376    1376    1376    1380    1382    1382    1378    1376    1376    1376    1381    1381    1381    1381    1381    1382    1381    1377    1376    1376    1376    1376    1376    1376    1378    1382    1382    1382    1388    1388    1388    1388    1388    1390    1387    1391    1404    0    0    0    0    0    0    0    0    
0    0    0    0    0    1372    1371    1371    1371    1370    1371    1373    1373    1371    1370    1370    1371    1371    1371    1371    1371    1371    1376    1376    1376    1376    1377    1378    1382    1382    1382    1382    1382    1376    1376    1376    1376    1376    1379    1382    1382    1378    1376    1376    1376    1376    1379    1376    1376    1376    1381    1376    1376    1376    1376    1376    1376    1376    1376    1378    1382    1382    1382    1388    1388    1388    1388    1388    1387    1382    1399    1404    0    0    0    0    0    0    0    0    
0    0    0    0    0    1372    1371    1371    1371    1371    1371    1371    1371    1369    1366    1366    1369    1371    1371    1371    1371    1371    1376    1376    1376    1376    1382    1382    1382    1382    1382    1382    1382    1377    1376    1376    1376    1376    1380    1382    1382    1378    1376    1376    1376    1376    1376    1376    1376    1376    1381    1376    1376    1376    1376    1376    1376    1376    1376    1376    1382    1382    1382    1382    1388    1388    1388    1387    1382    1384    1401    1401    0    0    0    0    0    0    0    0    
0    0    0    0    0    1372    1371    1371    1371    1371    1371    1371    1371    1366    1366    1366    1366    1371    1371    1371    1371    1375    1376    1376    1376    1381    1382    1382    1382    1382    1382    1382    1382    1382    1377    1376    1377    1380    1382    1382    1382    1378    1376    1376    1376    1376    1376    1376    1376    1376    1376    1376    1376    1376    1376    1376    1376    1376    1376    1376    1382    1382    1382    1382    1388    1388    1388    1384    1382    1384    1395    1399    1404    1410    0    0    0    0    0    0    
0    0    0    0    0    0    1371    1371    1371    1371    1371    1371    1370    1366    1366    1366    1366    1371    1371    1371    1372    1376    1376    1376    1376    1376    1382    1382    1382    1382    1382    1382    1382    1382    1380    1377    1380    1382    1382    1382    1382    1378    1376    1376    1376    1376    1376    1376    1376    1376    1376    1376    1376    1376    1376    1376    1376    1376    1376    1380    1382    1382    1382    1382    1388    1388    1388    1382    1382    1384    1389    1396    1404    1410    1410    0    0    0    0    0    
0    0    0    0    0    0    1372    1371    1371    1371    1371    1371    1371    1366    1366    1366    1371    1371    1371    1371    1376    1376    1376    1376    1376    1376    1380    1380    1380    1376    1376    1376    1382    1382    1382    1380    1380    1382    1382    1382    1382    1378    1376    1376    1376    1376    1376    1376    1376    1376    1376    1376    1376    1376    1376    1376    1376    1376    1376    1382    1382    1382    1382    1382    1388    1388    1388    1384    1382    1382    1389    1395    1399    1410    0    0    0    0    0    0    
0    0    0    0    0    0    1376    1373    1371    1371    1371    1371    1371    1370    1366    1366    1371    1371    1371    1372    1376    1376    1376    1376    1376    1376    1377    1377    1377    1376    1376    1376    1376    1382    1382    1380    1380    1382    1382    1382    1382    1378    1376    1376    1376    1376    1376    1376    1376    1376    1376    1376    1376    1376    1376    1376    1376    1376    1377    1382    1382    1382    1382    1382    1388    1388    1388    1387    1382    1382    1388    1392    1393    0    0    0    0    0    0    0    
0    0    0    0    0    0    1376    1376    1372    1375    1375    1374    1371    1371    1371    1371    1372    1373    1373    1376    1376    1376    1376    1376    1376    1376    1377    1377    1376    1376    1376    1376    1376    1382    1382    1376    1376    1382    1382    1382    1382    1378    1376    1376    1376    1376    1376    1376    1376    1376    1376    1376    1376    1376    1376    1376    1376    1376    1379    1382    1382    1382    1382    1382    1388    1388    1388    1388    1387    1384    1388    1390    1392    0    0    0    0    0    0    0    
0    0    0    0    0    0    1381    1376    1376    1376    1376    1376    1371    1371    1371    1371    1376    1376    1376    1376    1376    1376    1376    1376    1376    1376    1376    1376    1376    1376    1376    1376    1376    1381    1381    1376    1376    1382    1382    1382    1382    1378    1376    1376    1376    1376    1376    1376    1376    1376    1376    1376    1376    1376    1376    1376    1376    1376    1382    1382    1382    1382    1382    1382    1388    1388    1388    1388    1388    1388    1387    1390    1393    1399    0    0    0    0    0    0    
0    0    0    0    0    1382    1381    1376    1376    1376    1376    1376    1376    1371    1371    1371    1376    1376    1376    1376    1376    1376    1376    1376    1376    1374    1371    1372    1376    1376    1376    1376    1376    1378    1378    1376    1376    1378    1382    1382    1382    1378    1376    1376    1376    1376    1376    1376    1376    1376    1376    1376    1376    1376    1376    1376    1376    1376    1382    1382    1382    1382    1382    1382    1388    1388    1388    1388    1389    1392    1393    1392    1395    1393    0    0    0    0    0    0    
0    0    0    0    0    1382    1382    1376    1376    1376    1376    1376    1376    1376    1371    1376    1376    1376    1376    1376    1376    1376    1376    1376    1376    1371    1371    1371    1372    1376    1376    1376    1376    1378    1378    1376    1376    1378    1382    1382    1382    1378    1376    1376    1376    1376    1376    1376    1376    1376    1376    1376    1376    1376    1376    1376    1376    1376    1377    1382    1382    1382    1382    1384    1388    1388    1388    1388    1393    1393    1393    1393    1396    1404    0    0    0    0    0    0    
0    0    0    0    0    1382    1382    1376    1376    1376    1376    1376    1376    1376    1376    1376    1376    1376    1376    1376    1376    1376    1376    1376    1376    1371    1371    1371    1373    1376    1376    1376    1376    1378    1381    1378    1378    1378    1382    1382    1382    1378    1376    1376    1376    1376    1376    1376    1376    1376    1376    1376    1376    1376    1376    1376    1376    1376    1377    1382    1382    1382    1382    1384    1388    1388    1388    1392    1393    1393    1393    1393    1395    1400    0    0    0    0    0    0    
0    0    0    0    0    1382    1382    1382    1376    1376    1376    1376    1376    1376    1376    1376    1376    1376    1376    1376    1376    1376    1376    1376    1375    1372    1371    1372    1373    1376    1376    1376    1376    1381    1381    1381    1381    1382    1382    1382    1382    1378    1376    1376    1376    1376    1376    1376    1376    1376    1376    1376    1376    1376    1376    1376    1376    1376    1377    1382    1382    1382    1383    1388    1388    1388    1388    1393    1393    1393    1394    1393    1396    1390    0    0    0    0    0    0    
0    0    0    0    0    1382    1382    1378    1376    1376    1376    1376    1376    1376    1376    1376    1376    1376    1376    1376    1376    1376    1376    1376    1371    1371    1371    1371    1373    1376    1376    1376    1377    1381    1382    1382    1382    1382    1382    1382    1382    1378    1376    1376    1376    1376    1376    1376    1376    1376    1376    1376    1376    1376    1376    1376    1376    1376    1382    1382    1382    1382    1384    1388    1388    1388    1393    1393    1393    1395    1398    1394    1393    1392    0    0    0    0    0    0    
0    0    0    0    0    1381    1376    1376    1376    1376    1376    1376    1376    1376    1376    1376    1376    1376    1376    1376    1376    1376    1376    1375    1371    1371    1371    1371    1373    1376    1376    1376    1377    1382    1382    1382    1382    1382    1382    1382    1382    1378    1376    1376    1376    1376    1376    1376    1376    1376    1376    1376    1376    1376    1376    1376    1376    1382    1382    1382    1382    1382    1388    1388    1388    1388    1393    1393    1393    1398    1398    1397    1400    1404    1399    0    0    0    0    0    
0    0    0    0    0    1376    1376    1376    1376    1376    1376    1376    1376    1376    1376    1376    1376    1376    1376    1376    1376    1376    1375    1371    1371    1371    1371    1371    1373    1376    1376    1376    1376    1382    1382    1382    1382    1382    1382    1382    1382    1378    1376    1376    1376    1376    1376    1376    1376    1376    1376    1376    1376    1376    1376    1376    1382    1382    1382    1382    1382    1384    1388    1388    1388    1388    1389    1393    1393    1398    1399    1398    1406    1399    0    0    0    0    0    0    
0    0    0    0    0    1376    1376    1376    1376    1376    1376    1376    1376    1376    1376    1376    1376    1376    1376    1376    1376    1376    1375    1371    1371    1371    1371    1371    1373    1376    1376    1376    1377    1382    1382    1382    1382    1382    1382    1382    1382    1378    1376    1376    1376    1376    1376    1376    1376    1376    1376    1376    1376    1376    1376    1376    1382    1382    1382    1382    1382    1384    1388    1388    1388    1388    1389    1393    1393    1398    1398    1397    1406    1393    0    0    0    0    0    0    
0    0    0    0    0    1373    1372    1372    1376    1376    1376    1376    1376    1376    1376    1376    1376    1376    1376    1376    1376    1376    1375    1371    1371    1367    1370    1371    1372    1376    1376    1376    1377    1382    1382    1382    1382    1382    1382    1382    1382    1378    1376    1376    1376    1376    1376    1376    1376    1376    1376    1376    1376    1376    1376    1376    1382    1382    1382    1382    1382    1384    1388    1388    1388    1388    1389    1393    1393    1398    1398    1397    1411    1408    1393    0    0    0    0    0    
0    0    0    0    0    1371    1371    1371    1372    1376    1376    1376    1376    1376    1376    1376    1376    1376    1376    1376    1376    1376    1375    1371    1370    1367    1370    1371    1372    1375    1376    1376    1377    1382    1382    1382    1382    1382    1382    1382    1382    1378    1376    1376    1376    1376    1376    1376    1376    1376    1376    1376    1377    1377    1377    1381    1382    1382    1382    1382    1382    1382    1388    1388    1388    1388    1389    1393    1393    1398    1398    1398    1410    1415    1393    1388    0    0    0    0    
0    0    0    0    1368    1367    1370    1371    1371    1376    1376    1376    1376    1376    1376    1376    1376    1376    1376    1376    1376    1376    1375    1371    1371    1367    1370    1371    1372    1375    1376    1376    1376    1376    1382    1382    1382    1382    1382    1382    1382    1378    1376    1376    1376    1376    1376    1376    1376    1376    1376    1376    1377    1377    1377    1381    1382    1382    1382    1382    1382    1382    1388    1388    1388    1388    1393    1393    1393    1398    1398    1398    1404    1418    1388    1371    0    0    0    0    
0    0    0    0    1366    1366    1367    1370    1371    1376    1376    1376    1376    1376    1376    1376    1376    1376    1376    1376    1376    1376    1371    1371    1371    1371    1371    1373    1375    1376    1376    1376    1376    1376    1376    1376    1379    1380    1382    1382    1382    1378    1376    1376    1376    1376    1376    1376    1376    1376    1376    1377    1377    1377    1377    1377    1381    1381    1381    1382    1382    1382    1385    1388    1388    1388    1393    1393    1393    1398    1398    1397    1390    1376    1371    0    0    0    0    0    
0    0    0    1366    1366    1366    1366    1370    1372    1376    1376    1376    1376    1376    1376    1376    1376    1376    1376    1376    1376    1375    1371    1371    1371    1371    1374    1375    1376    1376    1376    1376    1376    1376    1376    1376    1376    1377    1379    1382    1382    1378    1376    1376    1376    1376    1376    1376    1376    1376    1376    1376    1377    1376    1376    1376    1376    1376    1376    1376    1376    1382    1382    1382    1388    1388    1389    1393    1393    1398    1398    1396    1394    1350    0    0    0    0    0    0    
0    0    0    1366    1366    1366    1366    1367    1372    1376    1376    1376    1376    1376    1376    1376    1376    1376    1376    1376    1375    1371    1371    1371    1371    1374    1375    1376    1376    1376    1376    1376    1376    1376    1376    1376    1376    1377    1380    1382    1382    1378    1376    1376    1376    1376    1376    1376    1376    1376    1376    1376    1376    1376    1376    1376    1376    1376    1376    1376    1376    1376    1382    1382    1386    1388    1388    1391    1393    1392    1394    1387    1350    1350    0    0    0    0    0    0    
0    0    0    1366    1366    1366    1366    1370    1375    1376    1376    1376    1376    1376    1376    1376    1376    1376    1376    1376    1371    1371    1371    1371    1371    1374    1376    1376    1376    1376    1376    1376    1376    1376    1376    1376    1377    1382    1382    1382    1382    1378    1376    1376    1376    1376    1376    1376    1376    1376    1376    1376    1376    1376    1376    1376    1376    1376    1376    1376    1376    1376    1376    1382    1382    1388    1388    1391    1393    1393    1396    0    0    0    0    0    0    0    0    0    
0    0    0    1366    1366    1366    1366    1370    1372    1376    1376    1376    1376    1376    1376    1376    1376    1376    1376    1371    1371    1371    1371    1371    1371    1372    1376    1376    1376    1376    1376    1376    1377    1382    1380    1380    1382    1382    1382    1382    1382    1378    1376    1376    1376    1376    1376    1376    1376    1376    1376    1376    1376    1376    1376    1376    1376    1376    1376    1376    1376    1376    1376    1382    1382    1388    1388    1393    1393    1395    1396    0    0    0    0    0    0    0    0    0    
0    0    0    1366    1366    1366    1370    1371    1375    1376    1376    1376    1376    1376    1376    1376    1376    1376    1371    1371    1371    1371    1371    1371    1371    1374    1376    1376    1376    1376    1376    1381    1382    1382    1382    1382    1382    1382    1382    1382    1382    1378    1376    1376    1376    1376    1376    1376    1376    1376    1376    1376    1376    1376    1376    1376    1376    1376    1376    1376    1376    1376    1376    1379    1382    1388    1388    1389    1389    1392    0    0    0    0    0    0    0    0    0    0    
0    0    0    0    1366    1366    1371    1371    1373    1376    1376    1376    1376    1376    1376    1376    1376    1376    1371    1371    1371    1371    1371    1371    1371    1374    1376    1376    1376    1376    1376    1381    1382    1382    1382    1382    1382    1382    1382    1382    1382    1378    1376    1376    1376    1376    1376    1376    1376    1376    1376    1376    1376    1376    1376    1376    1376    1376    1376    1376    1376    1376    1376    1379    1382    1382    1388    1388    1388    1393    0    0    0    0    0    0    0    0    0    0    
0    0    0    0    1366    1366    1371    1371    1373    1376    1376    1376    1376    1376    1376    1376    1376    1376    1371    1371    1371    1371    1371    1371    1371    1374    1376    1376    1376    1377    1381    1382    1382    1382    1382    1382    1382    1382    1382    1382    1382    1378    1376    1376    1376    1376    1376    1376    1376    1376    1376    1376    1376    1376    1376    1376    1376    1376    1376    1376    1376    1376    1376    1376    1379    1382    1382    1377    1377    0    0    0    0    0    0    0    0    0    0    0    
0    0    0    0    0    1366    1371    1371    1372    1376    1376    1376    1376    1376    1376    1376    1376    1376    1372    1372    1372    1371    1371    1371    1374    1375    1376    1376    1376    1381    1381    1382    1382    1382    1382    1382    1382    1382    1382    1382    1382    1378    1376    1376    1376    1376    1376    1376    1376    1376    1376    1376    1376    1376    1376    1376    1376    1376    1376    1376    1376    1376    1376    1376    1376    1376    1377    1377    1376    1376    0    0    0    0    0    0    0    0    0    0    
0    0    0    0    0    1367    1371    1371    1371    1376    1376    1376    1376    1376    1376    1376    1376    1376    1376    1376    1376    1376    1376    1375    1375    1376    1376    1376    1377    1381    1381    1382    1382    1382    1382    1382    1382    1382    1382    1382    1382    1378    1376    1376    1376    1376    1376    1376    1376    1376    1376    1376    1376    1376    1376    1376    1376    1376    1376    1376    1376    1376    1376    1376    1376    1376    1376    1377    1377    1377    0    0    0    0    0    0    0    0    0    0    
0    0    0    0    0    1371    1371    1371    1375    1376    1376    1376    1376    1376    1376    1376    1376    1376    1376    1376    1376    1376    1376    1376    1376    1376    1376    1376    1376    1381    1381    1382    1382    1382    1382    1382    1382    1382    1382    1382    1382    1378    1373    1372    1376    1376    1376    1376    1376    1376    1376    1376    1376    1376    1376    1376    1376    1376    1376    1376    1376    1376    1376    1376    1376    1376    1376    1381    1381    1381    1373    0    0    0    0    0    0    0    0    0    
0    0    0    0    0    1373    1371    1375    1375    1376    1376    1376    1376    1376    1376    1376    1376    1376    1376    1376    1376    1376    1376    1376    1376    1376    1376    1376    1376    1376    1381    1382    1382    1382    1381    1382    1382    1382    1379    1382    1379    1376    1372    1372    1372    1376    1376    1376    1376    1376    1376    1376    1376    1376    1376    1376    1376    1376    1376    1376    1376    1376    1376    1376    1376    1376    1381    1382    1381    1385    1382    0    0    0    0    0    0    0    0    0    
0    0    0    0    0    1376    1376    1376    1376    1376    1376    1376    1376    1376    1376    1376    1376    1376    1376    1376    1376    1376    1376    1376    1376    1376    1376    1376    1376    1376    1382    1382    1382    1382    1377    1380    1377    1379    1377    1379    1377    1375    1372    1371    1371    1372    1376    1376    1373    1376    1376    1376    1376    1376    1376    1376    1376    1376    1376    1376    1376    1376    1376    1376    1376    1376    1382    1382    1385    1386    1384    1389    0    0    0    0    0    0    0    0    
0    0    0    0    0    1376    1376    1376    1376    1376    1376    1376    1376    1376    1376    1376    1376    1376    1376    1376    1376    1376    1376    1376    1376    1376    1378    1381    1381    1381    1382    1382    1382    1382    1377    1382    1379    1379    1377    1377    1377    1375    1372    1371    1371    1371    1372    1372    1373    1373    1376    1376    1376    1376    1376    1376    1376    1376    1376    1376    1376    1376    1376    1376    1376    1381    1382    1382    1385    1386    1384    1389    0    0    0    0    0    0    0    0    
0    0    0    0    0    1376    1376    1376    1376    1376    1376    1376    1376    1376    1376    1376    1376    1376    1376    1376    1376    1376    1376    1376    1376    1376    1382    1382    1382    1382    1382    1382    1382    1382    1382    1379    1377    1377    1377    1377    1377    1373    1372    1371    1371    1371    1371    1373    1373    1376    1376    1376    1376    1376    1376    1376    1376    1376    1376    1376    1376    1376    1376    1376    1377    1382    1382    1382    1386    1386    1384    1379    0    0    0    0    0    0    0    0    
0    0    0    0    0    1376    1376    1376    1376    1376    1376    1376    1376    1376    1376    1376    1376    1376    1376    1376    1376    1376    1376    1376    1376    1376    1382    1382    1382    1382    1382    1382    1382    1382    1379    1377    1377    1377    1377    1376    1376    1373    1371    1371    1371    1371    1371    1373    1376    1376    1376    1376    1376    1376    1376    1376    1376    1376    1376    1376    1376    1376    1376    1377    1382    1382    1382    1385    1386    1386    1381    1378    0    0    0    0    0    0    0    0    
0    0    0    0    0    1376    1376    1376    1376    1376    1376    1376    1376    1376    1376    1376    1376    1376    1376    1376    1376    1376    1376    1376    1376    1376    1381    1382    1382    1382    1382    1382    1382    1382    1378    1376    1377    1377    1377    1376    1376    1373    1372    1371    1371    1371    1373    1376    1376    1376    1376    1376    1376    1376    1376    1376    1376    1376    1376    1376    1376    1376    1376    1382    1382    1382    1385    1388    1388    1386    1384    1382    1376    0    0    0    0    0    0    0    
0    0    0    0    0    1376    1376    1376    1376    1376    1376    1376    1376    1376    1376    1376    1376    1376    1376    1376    1376    1376    1376    1376    1376    1376    1377    1382    1382    1382    1382    1382    1382    1382    1381    1376    1376    1379    1379    1377    1377    1377    1372    1371    1371    1371    1371    1376    1376    1376    1376    1376    1376    1376    1376    1376    1376    1376    1376    1376    1376    1376    1382    1382    1382    1385    1388    1388    1388    1388    1384    1376    1376    0    0    0    0    0    0    0    
0    0    0    0    0    1375    1375    1376    1376    1376    1376    1376    1376    1376    1376    1376    1376    1376    1376    1376    1376    1376    1376    1376    1376    1376    1376    1382    1382    1382    1382    1382    1382    1382    1376    1376    1376    1376    1377    1377    1377    1377    1372    1372    1371    1371    1371    1371    1371    1376    1376    1376    1376    1376    1376    1376    1376    1376    1376    1376    1376    1376    1376    1382    1382    1387    1388    1388    1388    1388    1385    0    0    0    0    0    0    0    0    0    
0    0    0    0    0    1371    1371    1375    1376    1376    1376    1376    1376    1376    1376    1376    1376    1376    1376    1376    1376    1376    1376    1376    1376    1376    1376    1382    1382    1382    1382    1382    1382    1381    1376    1376    1376    1376    1376    1376    1377    1376    1372    1371    1371    1371    1371    1371    1371    1371    1376    1376    1376    1376    1376    1376    1376    1376    1376    1376    1376    1376    1376    1382    1382    1382    1387    1388    1388    1388    1387    0    0    0    0    0    0    0    0    0    
0    0    0    0    0    1371    1371    1371    1376    1376    1376    1376    1376    1376    1376    1376    1376    1376    1376    1376    1376    1376    1376    1376    1376    1376    1376    1382    1382    1382    1382    1382    1378    1376    1376    1376    1376    1376    1376    1376    1376    1376    1371    1371    1371    1371    1371    1371    1371    1371    1374    1376    1376    1376    1376    1376    1376    1376    1376    1376    1376    1376    1376    1376    1382    1382    1382    1386    1384    1387    1392    0    0    0    0    0    0    0    0    0    
0    0    0    0    0    1371    1371    1374    1375    1376    1376    1376    1376    1376    1376    1376    1376    1376    1376    1376    1376    1376    1376    1376    1376    1376    1376    1376    1382    1382    1382    1378    1376    1376    1376    1376    1376    1376    1376    1376    1376    1376    1374    1371    1371    1375    1375    1375    1375    1375    1376    1376    1376    1376    1376    1376    1376    1376    1376    1376    1376    1376    1376    1376    1382    1382    1382    1382    1383    1392    1394    0    0    0    0    0    0    0    0    0    
0    0    0    0    1372    1371    1371    1372    1375    1376    1376    1376    1376    1376    1376    1376    1376    1376    1376    1376    1376    1376    1376    1376    1376    1376    1376    1376    1376    1379    1378    1376    1376    1376    1376    1376    1376    1376    1376    1376    1376    1376    1371    1371    1371    1375    1376    1376    1376    1376    1376    1376    1376    1376    1376    1371    1371    1371    1372    1376    1376    1376    1376    1376    1382    1382    1382    1382    1386    1392    1393    0    0    0    0    0    0    0    0    0    
0    0    0    0    1371    1371    1371    1371    1374    1376    1376    1376    1376    1376    1376    1376    1376    1376    1376    1376    1376    1376    1376    1376    1376    1376    1376    1376    1376    1378    1378    1376    1376    1376    1376    1376    1376    1376    1376    1376    1376    1376    1371    1371    1371    1375    1376    1376    1376    1376    1375    1376    1376    1376    1371    1371    1371    1372    1372    1376    1376    1376    1376    1376    1382    1382    1382    1381    1380    1381    1379    0    0    0    0    0    0    0    0    0    
0    0    0    0    1371    1371    1371    1371    1372    1376    1376    1376    1376    1376    1376    1376    1376    1376    1376    1376    1376    1376    1376    1376    1376    1376    1376    1376    1376    1376    1378    1376    1376    1376    1376    1376    1376    1376    1371    1371    1373    1373    1371    1371    1371    1371    1371    1376    1372    1371    1371    1371    1376    1376    1371    1371    1375    1376    1376    1376    1376    1376    1376    1376    1382    1382    1382    1378    1373    1374    1376    0    0    0    0    0    0    0    0    0    
0    0    0    0    1371    1371    1371    1371    1373    1376    1376    1376    1376    1376    1376    1376    1376    1376    1376    1375    1375    1376    1376    1376    1376    1376    1376    1376    1376    1376    1376    1376    1376    1376    1376    1376    1376    1376    1372    1372    1373    1373    1371    1371    1371    1371    1371    1371    1371    1371    1371    1371    1371    1371    1371    1371    1376    1376    1376    1376    1376    1376    1376    1376    1379    1382    1381    1376    1376    1374    1376    0    0    0    0    0    0    0    0    0    
0    0    0    0    1371    1371    1371    1371    1371    1376    1376    1376    1376    1376    1376    1376    1376    1376    1371    1371    1375    1376    1376    1376    1376    1376    1376    1376    1376    1376    1376    1376    1376    1376    1376    1376    1376    1376    1376    1376    1373    1373    1371    1371    1371    1371    1371    1371    1371    1371    1371    1371    1371    1371    1371    1371    1376    1376    1376    1376    1376    1376    1376    1376    1379    1379    1376    1376    1375    1373    0    0    0    0    0    0    0    0    0    0    
0    0    0    0    1370    1371    1371    1371    1371    1373    1376    1376    1376    1376    1376    1376    1376    1376    1371    1371    1376    1376    1376    1376    1376    1376    1376    1376    1376    1376    1376    1376    1376    1376    1376    1376    1376    1376    1376    1376    1376    1373    1371    1371    1371    1371    1371    1371    1371    1371    1371    1371    1372    1372    1376    1373    1376    1376    1376    1376    1376    1376    1376    1376    1376    1376    1376    1376    1375    1376    0    0    0    0    0    0    0    0    0    0    
0    0    0    0    1371    1371    1371    1371    1371    1371    1376    1376    1376    1376    1376    1376    1376    1376    1376    1376    1376    1376    1376    1376    1376    1376    1376    1376    1376    1376    1376    1376    1376    1376    1376    1376    1376    1376    1376    1376    1376    1373    1371    1371    1371    1371    1371    1371    1371    1371    1371    1371    1371    1373    1376    1376    1376    1376    1376    1376    1376    1376    1376    1376    1376    1376    1376    1376    1373    1377    1377    0    0    0    0    0    0    0    0    0    
0    0    0    0    1371    1371    1371    1371    1371    1371    1376    1376    1376    1376    1376    1376    1376    1376    1376    1376    1376    1376    1376    1376    1376    1376    1376    1376    1376    1376    1376    1376    1376    1376    1376    1376    1376    1376    1376    1376    1376    1373    1371    1371    1371    1371    1371    1371    1371    1371    1371    1371    1371    1371    1376    1376    1376    1376    1376    1376    1376    1376    1376    1376    1376    1376    1376    1376    1373    1376    1378    1388    1399    0    0    0    0    0    0    0    
0    0    0    0    1371    1371    1371    1371    1371    1371    1373    1376    1376    1376    1376    1376    1376    1376    1376    1376    1376    1376    1376    1376    1376    1376    1376    1376    1376    1376    1376    1376    1376    1376    1376    1376    1376    1376    1376    1376    1376    1373    1371    1371    1371    1371    1371    1371    1371    1371    1371    1371    1371    1371    1371    1376    1376    1376    1376    1376    1376    1376    1376    1376    1376    1376    1376    1376    1376    1375    1374    1393    1399    0    0    0    0    0    0    0    
0    0    0    0    0    1371    1371    1371    1371    1371    1371    1373    1372    1375    1376    1376    1376    1376    1376    1376    1376    1376    1376    1376    1375    1372    1375    1376    1376    1376    1376    1376    1376    1376    1376    1376    1376    1376    1376    1376    1376    1373    1371    1371    1371    1371    1371    1371    1371    1371    1371    1371    1371    1371    1371    1376    1376    1376    1376    1376    1376    1376    1376    1376    1376    1376    1376    1376    1376    1376    1374    1380    0    0    0    0    0    0    0    0    
0    0    0    0    0    1371    1371    1371    1371    1371    1371    1371    1371    1371    1371    1376    1376    1376    1376    1376    1376    1376    1376    1376    1375    1371    1371    1371    1376    1376    1376    1376    1376    1376    1376    1376    1376    1376    1376    1376    1376    1373    1371    1371    1371    1371    1371    1371    1371    1371    1371    1371    1371    1371    1371    1376    1376    1376    1376    1376    1376    1376    1376    1376    1376    1376    1376    1376    1376    1376    1377    1379    0    0    0    0    0    0    0    0    
0    0    0    0    0    1368    1371    1371    1371    1371    1371    1371    1371    1371    1371    1371    1376    1376    1376    1376    1376    1376    1376    1376    1376    1371    1371    1371    1371    1376    1376    1376    1376    1376    1376    1376    1376    1376    1376    1376    1376    1373    1371    1371    1371    1371    1371    1371    1371    1371    1371    1371    1371    1371    1371    1376    1376    1376    1376    1376    1376    1376    1376    1376    1376    1376    1376    1376    1376    1376    1377    0    0    0    0    0    0    0    0    0    
0    0    0    0    0    1367    1367    1371    1371    1371    1371    1371    1371    1371    1371    1371    1376    1376    1376    1376    1376    1376    1376    1376    1376    1371    1371    1371    1371    1376    1376    1376    1376    1376    1376    1376    1376    1376    1376    1376    1376    1373    1371    1371    1371    1371    1371    1371    1371    1371    1371    1371    1371    1371    1371    1376    1376    1376    1376    1376    1376    1380    1376    1376    1376    1376    1376    1377    1377    1376    1376    1382    0    0    0    0    0    0    0    0    
0    0    0    0    0    1366    1366    1367    1371    1371    1371    1371    1371    1371    1371    1371    1376    1376    1376    1376    1376    1376    1376    1376    1376    1371    1371    1371    1371    1371    1376    1375    1376    1376    1376    1376    1376    1376    1376    1376    1376    1373    1371    1371    1371    1371    1371    1371    1371    1371    1371    1371    1371    1371    1371    1376    1376    1376    1376    1376    1376    1381    1380    1376    1376    1376    1377    1381    1381    1377    1375    1382    0    0    0    0    0    0    0    0    
0    0    0    0    1366    1362    1366    1366    1370    1371    1371    1371    1371    1371    1371    1371    1371    1376    1376    1376    1376    1376    1376    1376    1376    1371    1371    1371    1371    1371    1371    1373    1375    1375    1376    1376    1376    1376    1376    1376    1376    1373    1371    1371    1371    1371    1371    1371    1371    1371    1371    1371    1371    1371    1371    1376    1376    1376    1376    1376    1376    1376    1376    1376    1376    1376    1381    1382    1382    1381    1378    1383    0    0    0    0    0    0    0    0    
0    0    0    0    1360    1360    1362    1366    1370    1370    1370    1371    1371    1371    1371    1371    1371    1376    1376    1376    1376    1376    1376    1376    1375    1371    1371    1371    1371    1371    1371    1372    1373    1373    1375    1376    1376    1376    1376    1376    1376    1373    1371    1371    1371    1371    1371    1371    1371    1371    1371    1371    1371    1371    1376    1376    1376    1376    1376    1376    1376    1376    1376    1376    1376    1381    1382    1382    1383    1383    1388    1400    1416    0    0    0    0    0    0    0    
0    0    0    0    1360    1360    1362    1366    1370    1371    1371    1371    1371    1371    1371    1371    1371    1372    1376    1376    1376    1376    1376    1376    1376    1374    1371    1371    1371    1371    1371    1372    1373    1373    1373    1376    1376    1376    1376    1376    1376    1373    1371    1371    1371    1371    1371    1371    1371    1371    1371    1371    1371    1375    1376    1376    1376    1376    1376    1376    1376    1376    1376    1376    1376    1382    1382    1383    1384    1387    1396    1398    1422    1422    0    0    0    0    0    0    
0    0    0    0    1360    1360    1366    1368    1371    1371    1371    1372    1372    1371    1371    1371    1371    1372    1376    1376    1376    1376    1376    1376    1376    1376    1375    1375    1371    1371    1371    1371    1371    1371    1371    1373    1376    1376    1376    1376    1376    1373    1371    1371    1371    1371    1371    1371    1371    1371    1371    1371    1371    1371    1376    1376    1376    1376    1376    1376    1376    1376    1376    1376    1381    1382    1382    1387    1389    1389    1397    1393    1396    1422    0    0    0    0    0    0    
0    0    0    0    1362    1362    1368    1371    1372    1372    1372    1375    1375    1372    1371    1371    1371    1376    1376    1376    1376    1376    1376    1376    1376    1376    1376    1375    1375    1371    1371    1371    1371    1371    1371    1371    1373    1376    1376    1376    1376    1373    1371    1371    1371    1371    1371    1371    1371    1371    1371    1371    1371    1371    1373    1376    1376    1376    1376    1376    1376    1376    1376    1376    1377    1382    1383    1388    1389    1389    1397    1398    1393    1396    0    0    0    0    0    0    
0    0    0    0    1367    1367    1371    1372    1375    1376    1376    1376    1376    1375    1372    1372    1375    1376    1376    1376    1376    1376    1376    1376    1376    1376    1376    1376    1375    1375    1372    1371    1371    1371    1371    1371    1373    1376    1376    1376    1376    1373    1371    1371    1371    1371    1371    1371    1371    1371    1371    1371    1371    1371    1371    1371    1373    1376    1376    1376    1376    1376    1376    1376    1376    1382    1382    1387    1389    1389    1397    1401    1393    1396    1366    0    0    0    0    0    
0    0    0    0    1368    1371    1371    1375    1376    1376    1376    1376    1376    1376    1375    1375    1376    1376    1376    1376    1376    1376    1376    1376    1376    1376    1376    1376    1376    1376    1375    1372    1371    1371    1371    1371    1371    1376    1376    1376    1376    1372    1371    1371    1371    1371    1371    1371    1371    1371    1371    1371    1371    1371    1372    1372    1373    1373    1373    1376    1376    1376    1376    1376    1376    1382    1382    1385    1386    1391    1396    1401    1391    1366    0    0    0    0    0    0    
0    0    0    0    1371    1371    1372    1376    1376    1376    1376    1376    1376    1376    1375    1375    1376    1376    1376    1376    1376    1376    1376    1375    1375    1375    1376    1376    1376    1376    1376    1376    1373    1371    1371    1371    1371    1372    1375    1375    1375    1372    1371    1371    1371    1371    1371    1371    1371    1371    1371    1371    1371    1371    1371    1371    1371    1373    1373    1375    1375    1376    1376    1376    1376    1382    1382    1384    1389    1389    1395    1401    0    0    0    0    0    0    0    0    
0    0    0    1371    1371    1371    1372    1376    1376    1376    1375    1375    1376    1375    1375    1375    1375    1376    1376    1376    1376    1376    1376    1372    1371    1371    1375    1376    1376    1375    1375    1375    1375    1371    1371    1371    1371    1371    1375    1375    1375    1371    1371    1371    1371    1371    1371    1371    1371    1371    1371    1371    1371    1371    1371    1371    1373    1375    1373    1375    1375    1376    1376    1376    1376    1377    1382    1382    1385    1385    1391    1396    0    0    0    0    0    0    0    0    
0    0    0    1371    1371    1372    1376    1376    1376    1376    1375    1374    1375    1375    1371    1371    1375    1376    1376    1376    1376    1376    1376    1371    1371    1371    1375    1376    1376    1375    1375    1375    1375    1374    1371    1371    1371    1371    1371    1375    1371    1371    1371    1371    1371    1371    1371    1371    1371    1371    1371    1371    1371    1371    1371    1371    1371    1375    1372    1372    1373    1375    1376    1376    1376    1377    1378    1379    1381    1383    1390    0    0    0    0    0    0    0    0    0    
0    0    0    1374    1375    1375    1376    1376    1376    1376    1371    1371    1371    1371    1371    1371    1371    1376    1376    1376    1376    1376    1373    1371    1371    1371    1371    1375    1375    1375    1374    1376    1376    1375    1373    1371    1371    1371    1374    1375    1372    1371    1371    1371    1371    1371    1371    1371    1371    1371    1371    1371    1371    1371    1371    1371    1376    1376    1375    1375    1375    1376    1376    1376    1376    1376    1377    1378    1381    1379    0    0    0    0    0    0    0    0    1366    1371    
0    0    1375    1374    1375    1375    1376    1376    1376    1371    1371    1371    1371    1371    1371    1371    1371    1375    1376    1376    1376    1376    1371    1371    1371    1371    1371    1371    1374    1375    1376    1376    1376    1376    1375    1375    1375    1375    1375    1375    1372    1371    1371    1371    1371    1371    1371    1371    1371    1371    1371    1371    1371    1371    1371    1376    1376    1376    1376    1375    1376    1376    1376    1376    1376    1376    1377    1378    1378    1376    0    0    0    0    0    0    0    0    1355    1366    
0    1375    1375    1371    1371    1374    1375    1374    1371    1371    1371    1371    1371    1371    1371    1371    1371    1371    1376    1376    1376    1373    1371    1371    1371    1371    1371    1371    1371    1374    1376    1376    1376    1376    1376    1376    1376    1376    1375    1375    1376    1373    1371    1371    1371    1371    1371    1371    1371    1371    1371    1371    1371    1371    1371    1376    1376    1376    1376    1376    1376    1376    1376    1376    1376    1376    1376    1377    1378    1379    0    0    0    0    0    0    0    0    1355    1366    
1369    1369    1369    1370    1371    1371    1371    1371    1371    1371    1371    1371    1371    1371    1371    1371    1371    1371    1376    1376    1376    1376    1371    1371    1371    1371    1371    1371    1371    1371    1376    1376    1376    1376    1376    1376    1376    1376    1376    1376    1376    1373    1371    1371    1371    1371    1371    1371    1371    1371    1371    1371    1371    1371    1371    1374    1376    1376    1376    1376    1376    1376    1376    1376    1376    1376    1376    1377    1377    1376    0    0    0    0    0    0    0    0    0    1355    
1369    1369    1369    1370    1370    1371    1371    1371    1371    1371    1371    1371    1371    1371    1371    1371    1371    1371    1373    1376    1376    1376    1376    1374    1371    1371    1371    1371    1371    1371    1371    1376    1376    1376    1376    1376    1376    1376    1376    1376    1376    1373    1371    1371    1371    1371    1371    1371    1371    1371    1371    1371    1371    1371    1371    1371    1374    1376    1374    1376    1376    1376    1376    1376    1376    1376    1376    1377    1378    1380    0    0    0    0    0    0    0    0    0    1355    
1374    1371    1370    1370    1370    1371    1371    1371    1371    1371    1371    1371    1371    1371    1371    1371    1371    1371    1373    1373    1376    1376    1376    1376    1374    1371    1371    1371    1371    1371    1371    1375    1376    1376    1376    1376    1376    1376    1376    1376    1376    1373    1371    1371    1371    1371    1371    1371    1371    1371    1371    1371    1371    1371    1371    1371    1374    1374    1373    1374    1376    1376    1376    1376    1376    1376    1376    1376    1378    1378    1376    0    0    0    0    0    0    0    0    1371    
1374    1374    1371    1371    1370    1371    1370    1371    1371    1371    1371    1371    1371    1371    1371    1371    1371    1371    1371    1373    1376    1376    1376    1376    1375    1371    1371    1371    1371    1371    1371    1371    1376    1376    1376    1376    1376    1376    1376    1376    1376    1373    1371    1371    1371    1371    1371    1371    1371    1371    1371    1371    1371    1371    1371    1371    1371    1373    1373    1374    1376    1376    1376    1376    1376    1376    1376    1376    1376    1376    1376    1376    0    0    0    0    0    0    0    1371    
