0   0   0   0   0   0   0   0   0   0   0   0   0   0   0   0   0   0   0   0   0   0   0   1393   1392   1418   0   0   0   0   0   0   0   0   0   0   0   0   0   0   0   0   0   0   0   0   0   0   0   0   0   0   0   0   0   1393   1393   1393   0   0   0   0   0   0   0   0   0   0   0   0   0   0   0   0   0   0   0   0   0   0   0   0   
0   0   0   0   0   0   0   0   0   0   0   1388   1388   1391   1393   1393   1393   1398   0   0   0   0   1390   1388   1388   1388   1388   1388   1383   1382   1382   0   0   0   0   0   0   0   0   0   0   1455   1389   1388   1388   1388   1382   1382   1393   1393   1393   1396   1396   1393   1393   1393   1393   1393   1393   1393   1393   1393   1393   1393   1393   1393   1393   1393   1393   1393   1395   0   0   0   0   0   0   0   0   0   0   0   
0   0   0   0   0   0   0   0   0   0   1388   1388   1388   1393   1393   1393   1393   1393   1393   1393   1390   1388   1388   1388   1388   1388   1388   1384   1382   1382   1382   1382   1382   1385   1387   1395   0   0   0   1399   1393   1392   1384   1384   1384   1383   1382   1382   1388   1393   1393   1393   1393   1393   1393   1393   1393   1393   1393   1393   1393   1393   1393   1392   1393   1393   1393   1393   1393   1393   1395   1395   1395   0   0   0   0   0   0   0   0   0   
0   0   0   0   0   0   0   0   0   0   1388   1388   1388   1393   1393   1393   1393   1393   1393   1388   1388   1388   1388   1388   1388   1388   1388   1388   1384   1382   1382   1382   1382   1382   1387   1387   1388   1388   1393   1393   1393   1392   1384   1384   1388   1387   1382   1382   1388   1393   1393   1393   1393   1393   1393   1393   1393   1393   1393   1393   1393   1393   1393   1393   1393   1393   1393   1393   1393   1393   1395   1395   1396   1397   0   0   0   0   0   0   0   0   
0   0   0   0   0   0   0   0   0   1385   1382   1385   1388   1388   1393   1393   1393   1393   1388   1388   1388   1388   1388   1388   1388   1388   1388   1388   1388   1388   1384   1382   1382   1385   1387   1388   1388   1388   1393   1393   1393   1392   1387   1387   1388   1387   1383   1383   1388   1392   1393   1393   1393   1393   1393   1393   1393   1393   1393   1393   1393   1393   1393   1393   1393   1393   1393   1393   1393   1395   1398   1398   1398   1397   1393   0   0   0   0   0   0   0   
0   0   0   0   0   0   0   0   0   1382   1382   1382   1388   1388   1388   1388   1388   1388   1388   1388   1388   1388   1388   1388   1388   1388   1388   1388   1388   1388   1388   1388   1388   1388   1388   1388   1388   1392   1393   1393   1393   1392   1388   1388   1388   1387   1383   1383   1388   1388   1393   1393   1393   1393   1393   1393   1393   1393   1393   1393   1393   1393   1393   1393   1393   1393   1393   1393   1393   1399   1399   1399   1398   1399   1394   0   0   0   0   0   0   0   
0   0   0   0   0   0   0   0   0   1382   1382   1382   1388   1388   1388   1388   1388   1388   1388   1383   1383   1388   1388   1388   1388   1388   1388   1388   1388   1388   1388   1388   1388   1388   1388   1390   1392   1393   1393   1393   1393   1392   1388   1388   1388   1386   1382   1383   1388   1388   1392   1393   1393   1393   1393   1393   1393   1393   1393   1393   1393   1393   1393   1393   1393   1393   1393   1393   1396   1399   1399   1399   1399   1399   1397   0   0   0   0   0   0   0   
0   0   0   0   0   0   0   0   0   1385   1382   1382   1388   1388   1388   1388   1388   1388   1388   1388   1388   1388   1384   1382   1388   1388   1388   1388   1388   1388   1388   1388   1388   1390   1388   1392   1393   1393   1393   1396   1396   1392   1388   1388   1388   1385   1382   1382   1388   1388   1388   1389   1393   1393   1393   1393   1393   1393   1393   1393   1393   1393   1393   1393   1393   1393   1393   1393   1399   1399   1399   1399   1399   1399   1402   0   0   0   0   0   0   0   
0   0   0   0   0   0   0   0   0   1387   1382   1382   1388   1388   1388   1388   1388   1388   1388   1388   1388   1388   1382   1382   1382   1388   1388   1388   1388   1388   1388   1388   1388   1392   1391   1393   1393   1393   1393   1396   1396   1392   1388   1388   1388   1382   1382   1382   1385   1388   1388   1388   1389   1393   1393   1393   1393   1393   1393   1393   1393   1393   1393   1393   1393   1393   1393   1393   1399   1399   1399   1399   1399   1399   1408   0   0   0   0   0   0   0   
0   0   0   0   0   0   0   0   0   1388   1384   1384   1388   1388   1388   1388   1388   1388   1388   1388   1388   1383   1382   1382   1382   1384   1388   1388   1388   1388   1388   1388   1388   1388   1388   1392   1392   1393   1393   1393   1393   1392   1388   1386   1386   1382   1382   1382   1385   1388   1388   1388   1388   1393   1393   1393   1393   1393   1393   1393   1393   1393   1393   1393   1393   1393   1393   1393   1399   1399   1399   1399   1399   1399   1407   0   0   0   0   0   0   0   
0   0   0   0   0   0   0   0   1393   1388   1388   1388   1388   1387   1387   1384   1382   1382   1382   1383   1387   1383   1382   1382   1382   1384   1385   1385   1388   1388   1388   1388   1388   1388   1388   1388   1392   1393   1393   1393   1393   1392   1388   1385   1385   1382   1382   1382   1382   1387   1388   1388   1388   1393   1393   1393   1393   1393   1393   1393   1393   1393   1393   1393   1393   1393   1393   1393   1399   1399   1399   1399   1399   1400   1403   0   0   0   0   0   0   0   
0   0   0   0   0   0   0   0   1390   1388   1388   1388   1388   1387   1383   1382   1382   1382   1382   1382   1386   1383   1382   1382   1382   1385   1385   1385   1385   1388   1388   1388   1388   1388   1388   1391   1392   1393   1393   1393   1393   1392   1388   1385   1385   1382   1382   1382   1382   1385   1388   1388   1388   1393   1393   1393   1393   1393   1393   1393   1393   1393   1393   1393   1393   1393   1393   1393   1396   1399   1399   1399   1399   1398   1407   0   0   0   0   0   0   0   
0   0   0   0   0   0   0   0   1388   1388   1388   1388   1387   1383   1382   1382   1382   1382   1382   1382   1388   1388   1383   1382   1385   1385   1385   1385   1385   1388   1388   1388   1388   1388   1388   1388   1390   1393   1393   1393   1392   1392   1388   1386   1385   1382   1382   1382   1382   1382   1388   1388   1388   1389   1393   1393   1393   1393   1393   1393   1393   1393   1393   1393   1393   1393   1393   1393   1396   1399   1399   1399   1399   1399   1396   0   0   0   0   0   0   0   
0   0   0   0   0   0   0   0   1388   1388   1388   1388   1387   1383   1382   1382   1382   1382   1382   1387   1388   1388   1388   1385   1385   1388   1388   1385   1385   1388   1388   1388   1388   1388   1388   1388   1388   1388   1388   1388   1388   1388   1388   1386   1382   1382   1382   1382   1382   1382   1382   1388   1388   1388   1389   1393   1393   1392   1393   1393   1393   1393   1393   1393   1393   1393   1393   1393   1393   1399   1399   1399   1399   1396   1396   0   0   0   0   0   0   0   
0   0   0   0   0   0   0   0   1388   1388   1388   1388   1387   1382   1382   1382   1382   1382   1382   1388   1388   1388   1388   1388   1388   1388   1388   1388   1388   1388   1388   1388   1388   1388   1388   1387   1387   1387   1388   1388   1388   1388   1388   1388   1383   1382   1382   1382   1382   1382   1382   1388   1387   1388   1388   1388   1392   1392   1392   1393   1393   1393   1393   1393   1393   1393   1393   1393   1393   1393   1396   1396   1396   1396   1392   0   0   0   0   0   0   0   
0   0   0   0   0   0   0   0   1388   1388   1388   1388   1387   1387   1382   1382   1382   1382   1382   1387   1388   1388   1388   1388   1388   1388   1388   1388   1388   1388   1388   1388   1388   1388   1382   1382   1382   1382   1382   1388   1387   1388   1388   1388   1388   1383   1382   1382   1382   1383   1382   1387   1387   1388   1388   1388   1388   1388   1388   1393   1393   1393   1393   1393   1393   1393   1393   1393   1393   1393   1393   1396   1396   1399   1398   0   0   0   0   0   0   0   
0   0   0   0   0   0   0   0   1388   1388   1382   1384   1384   1384   1382   1382   1382   1382   1382   1385   1388   1388   1388   1388   1388   1388   1388   1388   1388   1388   1388   1388   1388   1388   1382   1382   1382   1382   1382   1382   1387   1388   1388   1388   1388   1388   1385   1383   1383   1383   1383   1387   1387   1388   1388   1388   1388   1388   1388   1393   1393   1393   1393   1393   1393   1393   1393   1393   1393   1393   1393   1395   1396   1397   1395   0   0   0   0   0   0   0   
0   0   0   0   0   0   0   0   1384   1382   1382   1382   1382   1382   1382   1382   1382   1382   1382   1382   1385   1388   1388   1388   1388   1388   1389   1390   1390   1390   1388   1388   1388   1388   1382   1382   1382   1382   1382   1382   1387   1388   1388   1388   1388   1388   1388   1385   1383   1383   1383   1388   1387   1388   1388   1388   1388   1388   1388   1393   1393   1393   1393   1393   1393   1393   1393   1393   1393   1393   1393   1395   1396   1393   1399   0   0   0   0   0   0   0   
0   0   0   0   0   0   0   1384   1382   1382   1382   1382   1382   1382   1382   1382   1382   1382   1382   1382   1385   1388   1388   1388   1388   1388   1389   1390   1390   1390   1388   1388   1388   1388   1382   1382   1382   1382   1382   1382   1387   1388   1388   1388   1388   1388   1388   1388   1388   1385   1385   1388   1388   1388   1388   1388   1388   1388   1388   1393   1393   1393   1393   1393   1393   1393   1393   1393   1393   1393   1393   1395   1396   1391   1399   0   0   0   0   0   0   0   
0   0   0   0   0   0   0   1382   1382   1382   1382   1382   1382   1382   1382   1382   1382   1382   1382   1382   1382   1385   1388   1388   1388   1388   1388   1388   1389   1388   1388   1388   1388   1388   1382   1382   1382   1382   1382   1382   1387   1388   1388   1388   1388   1388   1388   1388   1388   1388   1388   1388   1388   1388   1388   1388   1388   1388   1388   1393   1393   1393   1393   1393   1393   1393   1393   1393   1393   1393   1393   1394   1397   1390   0   0   0   0   0   0   0   0   
0   0   0   0   0   0   0   1382   1382   1382   1382   1382   1382   1382   1382   1382   1382   1382   1382   1382   1382   1385   1388   1388   1388   1388   1388   1388   1388   1388   1388   1388   1388   1388   1385   1382   1382   1382   1382   1382   1387   1387   1387   1388   1388   1388   1388   1388   1388   1388   1388   1388   1388   1388   1388   1388   1388   1388   1388   1391   1393   1393   1393   1393   1393   1393   1393   1393   1393   1393   1393   1392   1392   1371   0   0   0   0   0   0   0   0   
0   0   0   0   0   0   0   1382   1382   1382   1382   1382   1382   1382   1382   1382   1382   1382   1382   1382   1382   1382   1388   1388   1388   1388   1388   1388   1390   1388   1388   1388   1388   1388   1388   1385   1382   1382   1382   1388   1387   1387   1387   1388   1388   1388   1388   1388   1388   1388   1388   1388   1388   1388   1388   1388   1388   1388   1388   1388   1393   1393   1393   1393   1393   1393   1393   1393   1393   1393   1393   1392   1393   1382   1371   0   0   0   0   0   0   0   
0   0   0   0   0   0   0   1382   1382   1382   1382   1382   1382   1382   1382   1382   1382   1382   1382   1382   1382   1382   1386   1388   1388   1388   1388   1388   1388   1388   1388   1388   1388   1388   1388   1388   1382   1382   1382   1388   1387   1387   1387   1382   1388   1384   1388   1388   1388   1388   1388   1388   1388   1388   1388   1388   1388   1388   1388   1388   1393   1393   1393   1393   1393   1393   1393   1393   1393   1393   1392   1392   1393   1389   1376   1376   0   0   0   0   0   0   
0   0   0   0   0   0   0   1382   1382   1382   1382   1382   1382   1382   1382   1382   1382   1382   1382   1382   1382   1382   1385   1386   1386   1388   1388   1388   1388   1388   1388   1388   1388   1388   1388   1388   1388   1388   1386   1388   1387   1387   1382   1382   1382   1382   1384   1388   1388   1388   1388   1388   1388   1388   1388   1388   1388   1388   1388   1388   1393   1393   1393   1393   1393   1393   1393   1393   1393   1393   1393   1392   1393   1389   1376   1376   0   0   0   0   0   0   
0   0   0   0   0   0   0   1382   1382   1382   1382   1382   1382   1382   1382   1382   1382   1382   1382   1382   1382   1382   1382   1382   1382   1382   1385   1388   1388   1388   1388   1388   1388   1388   1388   1388   1388   1388   1386   1388   1387   1387   1382   1382   1382   1382   1382   1385   1388   1388   1388   1388   1388   1388   1388   1388   1388   1388   1388   1388   1388   1393   1393   1393   1393   1393   1393   1393   1393   1395   1395   1392   1394   1395   1396   1393   1371   0   0   0   0   0   
0   0   0   0   0   0   0   1381   1381   1382   1382   1382   1382   1382   1382   1382   1382   1382   1382   1382   1382   1382   1382   1382   1382   1382   1382   1382   1386   1386   1388   1388   1388   1388   1388   1388   1388   1388   1386   1388   1386   1385   1382   1382   1382   1382   1382   1385   1388   1388   1388   1388   1387   1387   1388   1388   1388   1388   1388   1388   1388   1392   1393   1393   1393   1393   1393   1393   1393   1395   1395   1395   1396   1411   1423   1422   1399   1376   1376   1376   0   0   
0   0   0   0   0   0   0   1381   1381   1382   1382   1382   1382   1382   1382   1382   1382   1382   1382   1382   1382   1382   1382   1382   1382   1382   1382   1382   1383   1386   1386   1388   1388   1388   1389   1388   1388   1388   1386   1388   1386   1385   1382   1382   1382   1382   1385   1387   1387   1387   1385   1385   1385   1385   1385   1388   1388   1388   1388   1388   1388   1392   1393   1393   1393   1393   1393   1393   1393   1395   1395   1395   1396   1402   1419   1411   1408   1387   1376   1376   0   0   
0   0   0   0   0   0   0   1381   1381   1382   1382   1382   1382   1382   1382   1382   1382   1382   1382   1382   1382   1382   1382   1382   1382   1382   1382   1382   1383   1386   1388   1388   1388   1388   1389   1388   1388   1386   1386   1386   1386   1385   1382   1382   1382   1382   1387   1387   1387   1385   1385   1385   1385   1385   1385   1385   1388   1388   1388   1388   1392   1393   1393   1393   1393   1393   1393   1393   1393   1396   1399   1399   1393   1399   1406   1413   1406   1399   1387   1376   0   0   
0   0   0   0   0   0   0   1379   1379   1382   1382   1382   1382   1382   1382   1382   1382   1382   1382   1382   1382   1382   1382   1382   1382   1382   1382   1382   1382   1386   1388   1388   1388   1388   1388   1388   1388   1386   1386   1386   1386   1385   1382   1382   1382   1387   1388   1388   1388   1385   1385   1385   1385   1385   1385   1385   1388   1388   1388   1388   1390   1393   1393   1393   1393   1393   1393   1393   1393   1396   1399   1398   1397   1399   1407   1404   1409   1399   1399   1399   0   0   
0   0   0   0   0   0   0   1381   1381   1382   1382   1382   1382   1382   1382   1382   1382   1382   1382   1382   1382   1382   1382   1382   1382   1382   1382   1382   1382   1382   1386   1388   1388   1388   1388   1388   1388   1386   1385   1386   1386   1385   1382   1382   1382   1387   1388   1388   1388   1388   1387   1385   1385   1385   1385   1385   1385   1388   1388   1388   1391   1393   1393   1393   1393   1393   1393   1393   1393   1399   1399   1398   1397   1400   1407   1407   1404   1399   1399   1399   0   0   
0   0   0   0   0   0   0   1382   1382   1382   1382   1382   1382   1382   1382   1382   1382   1382   1382   1382   1382   1382   1382   1382   1382   1382   1382   1382   1382   1382   1386   1388   1388   1388   1388   1388   1388   1385   1382   1383   1385   1382   1382   1382   1382   1388   1388   1388   1388   1388   1388   1388   1387   1385   1385   1385   1385   1388   1388   1388   1390   1393   1393   1393   1393   1393   1393   1393   1395   1399   1399   1399   1399   1400   1407   1407   1404   1399   1399   0   0   0   
0   0   0   0   0   0   1382   1382   1382   1382   1382   1382   1382   1382   1382   1382   1382   1382   1382   1382   1382   1382   1382   1382   1382   1382   1382   1382   1382   1382   1386   1388   1388   1388   1388   1388   1386   1382   1382   1382   1382   1382   1382   1382   1382   1388   1388   1388   1388   1388   1388   1388   1388   1386   1382   1382   1385   1386   1388   1390   1391   1393   1393   1393   1393   1393   1393   1393   1397   1399   1399   1399   1399   1399   1406   1405   1403   1399   1393   1393   0   0   
0   0   0   0   0   0   1382   1382   1382   1382   1382   1382   1382   1382   1382   1385   1385   1382   1382   1382   1382   1382   1382   1382   1382   1382   1382   1382   1382   1382   1387   1388   1388   1388   1388   1388   1383   1382   1382   1383   1382   1382   1382   1382   1382   1388   1388   1388   1388   1388   1388   1388   1388   1388   1382   1382   1385   1385   1388   1391   1391   1393   1393   1393   1393   1393   1393   1393   1396   1399   1399   1399   1402   1399   1399   1398   1398   1396   1396   1396   1399   0   
0   0   0   0   0   0   1379   1379   1382   1382   1382   1382   1382   1382   1382   1385   1385   1385   1382   1382   1382   1382   1382   1382   1382   1382   1382   1382   1385   1386   1386   1387   1388   1388   1388   1383   1383   1382   1382   1383   1383   1382   1382   1382   1382   1383   1388   1388   1388   1388   1388   1388   1388   1388   1385   1385   1385   1388   1388   1391   1393   1393   1393   1393   1393   1393   1393   1393   1393   1397   1399   1399   1400   1399   1397   1396   1396   1393   1396   1396   1399   0   
0   0   0   0   0   0   1371   1377   1379   1382   1382   1382   1382   1382   1382   1385   1385   1385   1382   1382   1382   1388   1388   1382   1382   1382   1382   1386   1388   1387   1388   1387   1388   1388   1388   1383   1383   1382   1382   1382   1382   1382   1382   1382   1382   1382   1388   1388   1388   1388   1388   1388   1388   1388   1388   1388   1388   1388   1388   1393   1393   1393   1393   1393   1393   1393   1393   1393   1393   1396   1397   1399   1399   1399   1408   1399   1393   1393   1388   0   0   0   
0   0   0   0   0   0   1369   1377   1379   1379   1382   1382   1382   1382   1382   1382   1385   1385   1382   1382   1382   1388   1388   1388   1382   1382   1382   1388   1388   1388   1388   1387   1386   1386   1388   1383   1382   1382   1382   1382   1382   1382   1382   1382   1382   1382   1386   1388   1388   1388   1388   1389   1389   1388   1388   1388   1388   1388   1388   1393   1393   1393   1393   1393   1393   1393   1393   1393   1393   1393   1396   1397   1399   1398   1398   0   0   0   0   0   0   0   
0   0   0   0   0   0   1371   1374   1379   1379   1382   1382   1382   1382   1382   1382   1382   1382   1382   1382   1382   1383   1383   1388   1382   1382   1382   1387   1388   1388   1388   1386   1386   1383   1385   1385   1382   1382   1382   1382   1382   1382   1382   1382   1382   1382   1384   1384   1388   1388   1388   1389   1389   1388   1388   1388   1388   1388   1391   1393   1393   1393   1393   1393   1393   1393   1393   1393   1393   1393   1393   1396   1398   1399   1413   1416   1416   0   0   0   0   0   
0   0   0   0   0   0   1374   1376   1376   1379   1382   1382   1382   1382   1382   1382   1382   1382   1382   1382   1382   1382   1382   1385   1382   1382   1382   1386   1388   1388   1388   1386   1383   1383   1384   1384   1382   1382   1382   1382   1383   1383   1382   1382   1382   1382   1382   1382   1384   1384   1388   1388   1388   1388   1388   1388   1388   1388   1391   1393   1393   1393   1393   1393   1393   1393   1393   1393   1393   1393   1393   1393   1397   1399   1414   1420   1416   1416   0   0   0   0   
0   0   0   0   0   0   1373   1376   1376   1376   1379   1382   1382   1382   1382   1382   1382   1382   1382   1382   1382   1382   1385   1387   1382   1382   1382   1385   1388   1387   1387   1385   1382   1382   1384   1384   1382   1382   1382   1382   1387   1387   1382   1382   1382   1382   1382   1382   1382   1384   1388   1388   1388   1388   1388   1388   1388   1388   1393   1393   1393   1393   1393   1393   1393   1393   1393   1393   1393   1393   1393   1393   1393   1398   1418   1418   1416   1416   1416   0   0   0   
0   0   0   0   0   0   1373   1374   1376   1376   1376   1379   1382   1382   1382   1382   1382   1382   1382   1382   1382   1382   1387   1388   1386   1385   1385   1385   1386   1386   1385   1382   1382   1382   1382   1382   1382   1382   1382   1387   1387   1387   1380   1379   1381   1382   1382   1382   1382   1382   1384   1388   1388   1388   1388   1388   1388   1388   1393   1393   1393   1393   1393   1393   1393   1393   1393   1393   1393   1393   1393   1393   1393   1394   1410   0   1416   0   0   0   0   0   
0   0   0   0   0   0   0   1374   1375   1376   1376   1376   1380   1382   1382   1382   1382   1382   1382   1382   1382   1382   1388   1388   1388   1388   1386   1386   1388   1387   1387   1382   1382   1382   1382   1382   1382   1382   1382   1385   1387   1385   1379   1379   1381   1382   1382   1382   1382   1382   1383   1388   1388   1388   1388   1388   1388   1393   1393   1393   1393   1393   1393   1393   1393   1393   1393   1393   1393   1393   1393   1396   1398   1396   1404   0   0   0   0   0   0   0   
0   0   0   0   0   0   0   0   1376   1376   1376   1376   1382   1379   1379   1380   1382   1382   1382   1382   1382   1382   1388   1388   1388   1388   1388   1388   1388   1388   1388   1383   1383   1384   1382   1382   1382   1382   1382   1382   1385   1381   1379   1379   1381   1382   1382   1382   1382   1382   1386   1388   1388   1388   1388   1388   1391   1393   1393   1393   1393   1393   1393   1393   1393   1393   1393   1393   1393   1393   1393   1397   1399   1413   1410   0   0   0   0   0   0   0   
0   0   0   0   0   0   0   0   1376   1376   1376   1382   1382   1382   1381   1381   1382   1382   1382   1382   1382   1382   1388   1388   1388   1388   1388   1388   1388   1388   1388   1384   1384   1384   1384   1382   1382   1382   1382   1382   1385   1381   1381   1382   1382   1382   1382   1382   1382   1383   1386   1388   1388   1388   1388   1388   1393   1393   1393   1393   1393   1393   1393   1393   1393   1393   1393   1393   1393   1393   1393   1399   1408   1424   0   0   0   0   0   0   0   0   
0   0   0   0   0   0   0   0   1376   1376   1376   1382   1382   1382   1382   1382   1382   1382   1382   1382   1382   1382   1388   1388   1388   1388   1388   1388   1388   1388   1388   1384   1384   1384   1384   1384   1382   1382   1382   1387   1387   1382   1382   1382   1382   1382   1382   1382   1382   1386   1388   1388   1388   1388   1388   1388   1393   1393   1393   1393   1393   1393   1393   1393   1393   1393   1393   1393   1393   1395   1395   1398   1416   1421   0   0   0   0   0   0   0   0   
0   0   0   0   0   0   0   0   1376   1376   1376   1382   1382   1382   1382   1382   1382   1382   1382   1382   1382   1382   1388   1388   1388   1388   1388   1388   1388   1388   1388   1385   1385   1388   1388   1385   1382   1382   1386   1388   1388   1387   1382   1382   1382   1382   1382   1382   1385   1387   1388   1388   1388   1388   1388   1388   1393   1393   1393   1393   1393   1393   1393   1393   1393   1393   1393   1393   1393   1395   1394   1398   1387   1405   1413   0   0   0   0   0   0   0   
0   0   0   0   0   0   0   0   1376   1376   1376   1382   1382   1382   1382   1382   1382   1382   1382   1382   1382   1382   1382   1388   1388   1388   1388   1388   1388   1388   1388   1388   1388   1388   1388   1388   1385   1387   1387   1388   1388   1385   1382   1382   1382   1382   1385   1385   1385   1388   1388   1388   1388   1388   1388   1388   1393   1393   1393   1393   1393   1393   1393   1393   1393   1393   1393   1393   1393   1395   1394   1397   1393   1406   1408   0   0   0   0   0   0   0   
0   0   0   0   0   0   0   0   1376   1376   1376   1382   1382   1382   1382   1382   1379   1382   1382   1382   1382   1382   1382   1383   1388   1388   1388   1388   1388   1388   1388   1388   1388   1388   1388   1388   1388   1386   1386   1387   1387   1384   1381   1382   1382   1382   1382   1382   1387   1388   1388   1388   1388   1388   1388   1388   1393   1393   1393   1393   1393   1393   1393   1393   1393   1393   1393   1393   1393   1395   1394   1393   1396   1407   1410   0   0   0   0   0   0   0   
0   0   0   0   0   0   0   0   1378   1376   1379   1382   1382   1382   1382   1379   1379   1379   1382   1382   1382   1382   1382   1382   1382   1384   1388   1388   1388   1388   1388   1388   1388   1388   1388   1388   1388   1383   1383   1387   1387   1384   1381   1382   1382   1382   1385   1385   1388   1388   1388   1388   1388   1388   1388   1388   1393   1393   1393   1393   1393   1393   1393   1393   1393   1393   1393   1393   1393   1393   1393   1392   1396   1403   1404   0   0   0   0   0   0   0   
0   0   0   0   0   0   0   0   1376   1376   1379   1382   1382   1382   1382   1382   1379   1382   1382   1382   1382   1382   1382   1382   1382   1382   1382   1382   1382   1388   1388   1388   1388   1388   1388   1388   1388   1383   1383   1386   1387   1387   1382   1382   1382   1382   1382   1385   1386   1386   1388   1388   1388   1388   1388   1388   1388   1393   1393   1393   1393   1393   1393   1393   1393   1393   1393   1393   1393   1393   1393   1392   1395   1404   1410   0   0   0   0   0   0   0   
0   0   0   0   0   0   0   0   1376   1376   1376   1382   1382   1382   1382   1382   1382   1382   1382   1382   1382   1382   1382   1382   1382   1382   1382   1382   1382   1382   1388   1388   1388   1388   1388   1388   1388   1384   1382   1385   1388   1387   1382   1382   1382   1382   1382   1382   1382   1382   1386   1388   1388   1388   1388   1388   1388   1393   1393   1393   1393   1393   1393   1393   1393   1393   1393   1393   1393   1393   1393   1392   1395   1407   1410   0   0   0   0   0   0   0   
0   0   0   0   0   0   0   0   1376   1376   1376   1376   1382   1382   1382   1382   1382   1382   1382   1382   1382   1382   1382   1382   1379   1379   1382   1382   1382   1382   1385   1388   1388   1388   1388   1388   1388   1388   1382   1385   1388   1387   1382   1382   1382   1382   1382   1382   1382   1382   1382   1386   1388   1388   1388   1388   1388   1389   1390   1393   1393   1393   1393   1393   1393   1393   1393   1393   1393   1393   1393   1393   1393   1408   1410   0   0   0   0   0   0   0   
0   0   0   0   0   0   0   1405   1375   1376   1376   1376   1376   1377   1378   1378   1382   1382   1382   1382   1382   1382   1382   1377   1379   1379   1379   1382   1382   1382   1385   1388   1388   1388   1388   1388   1388   1388   1382   1384   1387   1387   1382   1382   1382   1382   1382   1382   1382   1382   1382   1386   1388   1388   1388   1388   1388   1389   1390   1393   1390   1393   1393   1393   1393   1393   1393   1393   1393   1393   1393   1394   1405   1411   1410   0   0   0   0   0   0   0   
0   0   0   0   0   0   0   1376   1375   1376   1376   1376   1376   1376   1376   1376   1376   1382   1382   1382   1382   1382   1379   1377   1377   1379   1379   1382   1382   1382   1384   1388   1388   1388   1388   1388   1388   1386   1382   1382   1387   1387   1382   1382   1382   1382   1382   1382   1382   1382   1382   1388   1388   1388   1388   1388   1389   1390   1390   1390   1390   1393   1393   1393   1393   1393   1393   1393   1393   1393   1394   1394   1399   1418   1418   0   0   0   0   0   0   0   
0   0   0   0   0   0   0   1376   1376   1376   1376   1376   1376   1376   1376   1376   1376   1382   1382   1382   1385   1385   1382   1379   1379   1379   1379   1382   1382   1382   1382   1388   1388   1388   1388   1388   1383   1382   1382   1382   1383   1383   1382   1382   1382   1382   1382   1382   1382   1382   1388   1388   1388   1388   1388   1388   1390   1393   1393   1393   1393   1393   1393   1393   1393   1393   1393   1393   1393   1393   1396   1396   1398   1412   1423   1428   0   0   0   0   0   0   
0   0   0   0   0   0   1471   1376   1376   1376   1376   1376   1376   1376   1376   1376   1376   1382   1382   1382   1382   1382   1382   1379   1379   1379   1379   1382   1382   1382   1382   1382   1382   1384   1382   1382   1382   1382   1382   1382   1382   1382   1382   1382   1382   1382   1382   1382   1382   1382   1388   1388   1388   1388   1388   1388   1393   1393   1393   1393   1393   1393   1393   1393   1393   1393   1393   1393   1393   1395   1395   1395   1393   1396   1419   1428   0   0   0   0   0   0   
0   0   0   0   0   0   1376   1376   1376   1376   1376   1376   1376   1376   1376   1376   1379   1382   1382   1382   1382   1382   1382   1382   1382   1379   1382   1382   1382   1382   1382   1382   1382   1382   1382   1382   1382   1382   1382   1382   1382   1381   1381   1379   1380   1382   1382   1382   1382   1382   1388   1388   1388   1389   1389   1389   1393   1393   1393   1393   1390   1390   1393   1393   1393   1393   1393   1393   1393   1395   1396   1398   1396   1400   1415   0   0   0   0   0   0   0   
0   0   0   0   0   0   1376   1376   1376   1376   1376   1376   1376   1376   1376   1376   1379   1381   1381   1382   1382   1382   1382   1382   1382   1381   1382   1382   1382   1382   1382   1382   1382   1382   1382   1382   1382   1382   1382   1382   1382   1381   1381   1379   1380   1379   1379   1379   1381   1382   1388   1388   1389   1393   1393   1393   1393   1393   1393   1393   1390   1390   1390   1390   1393   1393   1393   1393   1393   1396   1396   1399   1398   1397   1399   0   0   0   0   0   0   0   
0   0   0   0   0   0   1376   1376   1376   1376   1376   1379   1379   1376   1376   1376   1376   1379   1379   1382   1382   1382   1382   1381   1381   1381   1382   1382   1382   1382   1382   1382   1382   1382   1382   1382   1382   1382   1382   1382   1382   1381   1380   1379   1380   1379   1376   1376   1379   1382   1388   1388   1388   1393   1393   1393   1393   1393   1393   1393   1390   1390   1390   1390   1390   1393   1393   1393   1395   1396   1396   1399   1398   1399   1408   1399   0   0   0   0   0   0   
0   0   0   0   0   0   1376   1376   1377   1378   1376   1379   1379   1376   1376   1376   1376   1379   1376   1376   1376   1382   1381   1376   1381   1381   1382   1382   1382   1382   1382   1382   1382   1382   1382   1382   1382   1382   1382   1382   1382   1381   1380   1379   1380   1376   1376   1376   1382   1382   1385   1388   1388   1393   1393   1393   1393   1393   1393   1393   1390   1390   1389   1389   1390   1393   1393   1393   1395   1396   1399   1399   1401   1404   1401   1399   0   0   0   0   0   0   
0   0   0   0   0   0   1376   1376   1376   1377   1380   1380   1380   1379   1376   1376   1376   1376   1376   1376   1376   1376   1376   1376   1376   1381   1382   1382   1382   1382   1382   1382   1382   1382   1382   1382   1382   1382   1382   1382   1382   1381   1379   1376   1376   1377   1376   1377   1382   1382   1385   1388   1388   1388   1393   1393   1393   1393   1393   1393   1389   1389   1388   1388   1388   1393   1393   1393   1395   1399   1399   1399   1406   1406   1412   1399   0   0   0   0   0   0   
0   0   0   0   0   0   1371   1376   1376   1377   1380   1380   1380   1380   1379   1376   1376   1376   1376   1376   1376   1376   1376   1376   1376   1379   1382   1382   1382   1382   1382   1382   1382   1382   1382   1382   1382   1382   1382   1382   1381   1381   1376   1376   1376   1376   1376   1377   1382   1382   1385   1388   1388   1388   1390   1393   1393   1393   1393   1390   1389   1388   1388   1388   1388   1390   1393   1393   1395   1399   1399   1399   1403   1410   1413   1422   0   0   0   0   0   0   
0   0   0   0   0   0   0   1373   1376   1376   1377   1380   1380   1380   1379   1376   1376   1376   1376   1376   1376   1376   1376   1376   1376   1376   1379   1382   1382   1382   1382   1382   1382   1382   1382   1382   1382   1382   1382   1382   1381   1381   1376   1376   1376   1376   1376   1376   1382   1382   1383   1388   1388   1388   1390   1393   1393   1393   1393   1393   1390   1389   1388   1388   1390   1390   1393   1393   1395   1396   1399   1400   1402   1408   1422   1422   0   0   0   0   0   0   
0   0   0   0   0   0   0   0   1373   1376   1376   1377   1380   1376   1376   1376   1376   1376   1376   1376   1376   1376   1376   1376   1376   1376   1376   1379   1382   1382   1382   1382   1382   1382   1382   1382   1382   1382   1382   1382   1382   1381   1376   1376   1376   1376   1376   1376   1382   1382   1382   1388   1388   1388   1388   1390   1393   1393   1393   1393   1393   1390   1390   1390   1390   1393   1393   1393   1393   1395   1398   1399   1400   1402   1416   0   0   0   0   0   0   0   
0   0   0   0   0   0   0   0   1373   1376   1376   1376   1376   1376   1376   1376   1376   1376   1376   1376   1376   1376   1376   1376   1376   1376   1376   1376   1382   1382   1382   1382   1382   1382   1382   1382   1382   1382   1382   1382   1382   1381   1376   1376   1376   1376   1376   1376   1382   1382   1382   1383   1388   1388   1388   1388   1393   1393   1393   1393   1393   1393   1390   1390   1390   1393   1393   1393   1393   1395   1398   1399   1399   1390   0   0   0   0   0   0   0   0   
0   0   0   0   0   0   0   0   1373   1376   1376   1376   1376   1376   1376   1377   1377   1376   1376   1376   1376   1376   1376   1376   1376   1376   1376   1376   1381   1382   1382   1382   1382   1381   1381   1381   1381   1381   1382   1382   1382   1381   1376   1376   1376   1376   1376   1378   1382   1382   1382   1382   1388   1388   1388   1388   1388   1390   1393   1393   1393   1393   1390   1390   1393   1393   1393   1393   1393   1397   1398   1396   1403   1403   0   0   0   0   0   0   0   0   
0   0   0   0   0   0   0   0   1372   1375   1376   1376   1376   1376   1377   1378   1377   1376   1376   1376   1376   1373   1376   1376   1376   1376   1376   1376   1381   1381   1381   1379   1379   1379   1380   1381   1381   1381   1382   1382   1382   1381   1376   1376   1376   1376   1376   1382   1382   1382   1382   1382   1384   1388   1388   1388   1388   1388   1388   1392   1392   1390   1390   1390   1393   1393   1393   1393   1393   1397   1397   1395   1404   1403   0   0   0   0   0   0   0   0   
0   0   0   0   0   0   0   1372   1372   1375   1376   1376   1376   1376   1382   1382   1379   1377   1376   1376   1376   1376   1376   1376   1376   1376   1376   1376   1381   1382   1381   1379   1379   1379   1380   1381   1381   1381   1382   1382   1382   1381   1376   1376   1376   1376   1376   1382   1382   1382   1382   1382   1383   1383   1383   1382   1382   1388   1388   1388   1388   1390   1388   1390   1393   1393   1393   1393   1393   1396   1394   1395   1400   1398   1404   0   0   0   0   0   0   0   
0   0   0   0   0   0   0   1373   1372   1376   1376   1376   1378   1382   1382   1382   1379   1379   1378   1376   1376   1376   1376   1376   1376   1376   1376   1378   1382   1382   1382   1382   1382   1382   1382   1382   1382   1382   1382   1382   1382   1381   1376   1376   1376   1376   1376   1382   1382   1382   1382   1382   1382   1383   1382   1382   1382   1382   1388   1388   1388   1388   1388   1390   1393   1393   1393   1392   1393   1392   1392   1391   1399   1399   1404   0   0   0   0   0   0   0   
0   0   0   0   0   0   0   1376   1376   1376   1376   1378   1382   1382   1382   1382   1382   1379   1379   1378   1376   1376   1376   1376   1376   1376   1376   1379   1382   1382   1382   1382   1382   1382   1382   1382   1382   1382   1382   1382   1382   1381   1376   1376   1376   1376   1376   1382   1382   1382   1382   1382   1382   1382   1382   1382   1382   1382   1388   1388   1388   1388   1388   1388   1388   1389   1389   1392   1393   1392   1392   1392   1396   1393   1399   0   0   0   0   0   0   0   
0   0   0   0   0   0   1379   1376   1376   1376   1381   1382   1382   1382   1382   1382   1382   1382   1379   1379   1377   1376   1376   1376   1376   1376   1376   1378   1382   1382   1382   1382   1382   1382   1382   1382   1382   1382   1382   1382   1382   1381   1376   1376   1376   1376   1376   1382   1382   1381   1381   1382   1382   1382   1382   1382   1382   1382   1383   1388   1388   1388   1388   1388   1388   1390   1393   1393   1393   1392   1395   1392   1392   1393   1393   1393   1393   1393   1393   0   0   0   
0   0   0   0   0   0   1381   1381   1381   1381   1382   1382   1382   1382   1382   1382   1382   1382   1382   1382   1379   1378   1376   1376   1376   1376   1376   1377   1382   1382   1382   1382   1382   1382   1382   1382   1382   1382   1382   1382   1382   1381   1376   1376   1376   1376   1376   1377   1380   1377   1377   1381   1382   1382   1382   1382   1382   1382   1382   1388   1388   1388   1388   1388   1390   1393   1393   1393   1393   1396   1396   1394   1394   1393   1399   1393   1393   1393   1393   0   0   0   
0   0   0   0   0   0   1378   1381   1381   1382   1382   1382   1382   1382   1382   1382   1382   1382   1382   1382   1382   1378   1378   1376   1376   1376   1376   1377   1378   1382   1382   1382   1382   1382   1382   1382   1382   1382   1382   1382   1382   1381   1376   1376   1376   1376   1376   1376   1376   1376   1376   1376   1376   1376   1376   1376   1376   1381   1382   1382   1387   1388   1388   1388   1392   1393   1393   1393   1393   1396   1396   1394   1394   1394   1399   1393   1393   1393   0   0   0   0   
0   0   0   0   0   0   1378   1381   1381   1382   1382   1382   1382   1382   1382   1382   1382   1382   1382   1382   1382   1382   1378   1377   1376   1376   1376   1376   1378   1382   1382   1382   1382   1382   1382   1382   1382   1382   1382   1382   1382   1381   1376   1376   1376   1376   1376   1376   1376   1376   1376   1376   1376   1376   1376   1376   1376   1376   1382   1382   1382   1387   1388   1388   1392   1393   1393   1393   1393   1396   1396   1394   1392   1395   1399   1393   1393   0   0   0   0   0   
0   0   0   0   0   1376   1376   1376   1381   1382   1382   1382   1382   1382   1382   1382   1382   1382   1382   1382   1382   1382   1379   1377   1376   1376   1376   1376   1376   1382   1382   1382   1382   1382   1382   1382   1382   1382   1382   1382   1382   1381   1376   1376   1376   1376   1376   1376   1376   1376   1376   1376   1376   1376   1376   1376   1376   1376   1382   1382   1387   1388   1388   1392   1393   1393   1393   1393   1393   1396   1396   1395   1396   1396   1399   1393   0   0   0   0   0   0   
0   0   0   0   0   1376   1376   1377   1382   1382   1382   1382   1382   1382   1382   1382   1382   1382   1382   1382   1382   1382   1382   1377   1376   1376   1376   1376   1376   1379   1382   1382   1382   1382   1382   1382   1382   1382   1382   1382   1382   1381   1376   1376   1376   1376   1376   1376   1376   1376   1376   1376   1376   1376   1376   1376   1376   1376   1382   1382   1388   1388   1388   1393   1393   1393   1393   1393   1393   1393   1394   1395   1394   1396   0   0   0   0   0   0   0   0   
0   0   0   0   0   0   1376   1376   1377   1382   1382   1382   1382   1382   1382   1382   1382   1382   1382   1382   1382   1382   1382   1379   1376   1376   1376   1376   1376   1379   1382   1382   1382   1382   1382   1382   1382   1382   1382   1382   1382   1381   1376   1376   1376   1376   1376   1376   1376   1382   1382   1376   1376   1376   1376   1376   1376   1379   1382   1382   1388   1388   1392   1393   1393   1393   1393   1393   1393   1393   1393   1395   1393   1395   0   0   0   0   0   0   0   0   
0   0   0   0   0   0   0   1376   1376   1376   1382   1382   1382   1382   1382   1382   1382   1382   1382   1382   1382   1382   1382   1379   1376   1376   1376   1376   1376   1379   1382   1382   1382   1382   1382   1382   1382   1382   1382   1382   1382   1381   1376   1376   1376   1376   1376   1381   1382   1382   1382   1382   1376   1376   1376   1376   1376   1379   1382   1382   1387   1388   1392   1393   1393   1393   1393   1393   1393   1393   1393   1394   1395   1395   0   0   0   0   0   0   0   0   
0   0   0   0   0   0   0   1376   1376   1376   1376   1382   1382   1382   1382   1382   1382   1382   1382   1382   1382   1379   1378   1378   1376   1376   1376   1376   1376   1382   1382   1382   1382   1382   1382   1382   1382   1382   1382   1382   1382   1381   1377   1376   1377   1377   1377   1382   1382   1382   1382   1382   1382   1379   1376   1376   1376   1376   1379   1382   1385   1388   1388   1392   1393   1393   1393   1393   1393   1393   1394   1393   1395   1393   0   0   0   0   0   0   0   0   
0   0   0   0   0   0   1376   1376   1376   1376   1377   1382   1382   1382   1382   1382   1382   1379   1377   1378   1377   1377   1376   1376   1376   1376   1376   1376   1376   1380   1382   1382   1382   1382   1382   1382   1382   1382   1382   1382   1382   1381   1381   1377   1377   1377   1381   1382   1382   1382   1382   1382   1382   1382   1379   1379   1376   1376   1379   1382   1382   1388   1388   1388   1392   1393   1393   1393   1393   1393   1397   1396   1392   1393   0   0   0   0   0   0   0   0   
0   0   0   0   0   0   1376   1376   1376   1376   1377   1382   1382   1382   1382   1382   1377   1376   1376   1376   1376   1376   1376   1376   1376   1376   1376   1376   1376   1376   1380   1382   1382   1382   1382   1382   1382   1382   1382   1382   1382   1381   1381   1377   1379   1379   1382   1382   1382   1385   1387   1387   1382   1382   1381   1379   1379   1376   1376   1379   1382   1388   1388   1388   1388   1389   1393   1393   1393   1392   1396   1395   1392   1393   0   0   0   0   0   0   0   0   
0   0   0   0   0   0   1376   1376   1376   1376   1376   1380   1382   1382   1379   1377   1376   1376   1376   1376   1376   1376   1376   1376   1376   1376   1376   1376   1376   1376   1376   1376   1376   1382   1382   1382   1382   1382   1382   1382   1382   1381   1381   1381   1382   1382   1382   1382   1385   1388   1388   1388   1386   1382   1382   1381   1379   1379   1379   1381   1382   1388   1388   1388   1388   1388   1390   1388   1390   1391   1389   1392   1389   1392   0   0   0   0   0   0   0   0   
0   0   0   0   0   0   1376   1376   1376   1376   1376   1376   1376   1378   1377   1376   1376   1376   1376   1376   1376   1373   1373   1373   1376   1376   1376   1376   1376   1376   1376   1376   1376   1376   1376   1382   1382   1382   1382   1382   1382   1381   1381   1381   1382   1382   1382   1382   1385   1385   1388   1388   1384   1382   1382   1381   1379   1379   1379   1382   1382   1388   1388   1388   1388   1388   1388   1388   1388   1388   1386   1390   1391   1387   0   0   0   0   0   0   0   0   
0   0   0   0   0   0   1376   1376   1373   1376   1376   1376   1376   1376   1376   1376   1376   1376   1376   1376   1376   1373   1373   1373   1376   1376   1376   1376   1376   1376   1376   1376   1376   1376   1376   1381   1382   1382   1382   1382   1382   1381   1381   1379   1382   1382   1382   1382   1382   1385   1385   1384   1382   1382   1382   1382   1381   1381   1379   1382   1382   1382   1388   1388   1388   1388   1388   1388   1388   1387   1386   1390   1390   1391   1399   0   0   0   0   0   0   0   
0   0   0   0   0   1380   1376   1376   1373   1373   1376   1376   1376   1376   1376   1376   1376   1376   1376   1376   1373   1371   1371   1373   1376   1376   1376   1376   1376   1376   1376   1376   1376   1376   1376   1382   1382   1382   1382   1382   1382   1381   1381   1379   1379   1382   1382   1382   1382   1382   1382   1382   1382   1382   1382   1382   1382   1382   1382   1382   1382   1382   1384   1385   1388   1388   1388   1388   1388   1386   1386   1392   1392   1393   1410   0   0   0   0   0   0   0   
0   0   0   0   0   1377   1376   1376   1373   1372   1376   1376   1376   1376   1376   1376   1376   1376   1376   1373   1371   1371   1371   1371   1373   1376   1376   1376   1376   1376   1376   1376   1376   1378   1382   1382   1382   1382   1382   1382   1382   1381   1379   1376   1376   1379   1382   1382   1382   1382   1382   1382   1382   1382   1382   1382   1382   1382   1382   1382   1382   1382   1382   1382   1385   1388   1388   1388   1388   1388   1386   1393   1394   1399   0   0   0   0   0   0   0   0   
0   0   0   0   0   1380   1376   1376   1373   1372   1372   1373   1373   1373   1376   1372   1373   1373   1373   1373   1371   1371   1371   1371   1373   1373   1376   1376   1376   1376   1378   1379   1382   1382   1382   1382   1382   1382   1382   1382   1382   1381   1376   1376   1376   1376   1376   1379   1382   1382   1382   1382   1382   1382   1382   1382   1382   1382   1382   1382   1382   1382   1382   1382   1385   1388   1388   1388   1387   1388   1388   1396   1395   0   0   0   0   0   0   0   0   0   
0   0   0   0   0   0   1376   1373   1372   1371   1371   1371   1371   1371   1372   1372   1372   1376   1376   1371   1371   1371   1371   1371   1372   1373   1376   1376   1376   1378   1379   1382   1382   1382   1382   1382   1382   1382   1382   1382   1382   1381   1376   1376   1376   1376   1376   1376   1379   1379   1382   1382   1382   1382   1378   1382   1382   1382   1382   1382   1382   1382   1382   1382   1388   1388   1388   1388   1387   1386   1384   1394   1393   0   0   0   0   0   0   0   0   0   
0   0   0   0   0   0   1373   1371   1371   1371   1371   1371   1371   1371   1371   1372   1375   1376   1376   1375   1371   1371   1371   1371   1371   1372   1376   1376   1378   1379   1382   1382   1382   1382   1382   1382   1382   1381   1382   1382   1382   1381   1376   1376   1376   1376   1376   1376   1376   1379   1381   1379   1379   1376   1376   1377   1380   1382   1382   1382   1382   1382   1382   1382   1388   1388   1388   1388   1387   1382   1384   1393   0   0   0   0   0   0   0   0   0   0   
0   0   0   0   0   0   1371   1371   1371   1371   1371   1371   1371   1371   1371   1374   1375   1376   1376   1376   1375   1375   1371   1371   1371   1372   1376   1381   1381   1382   1382   1382   1382   1382   1382   1382   1381   1380   1380   1382   1382   1381   1376   1376   1376   1376   1376   1376   1376   1379   1379   1376   1376   1376   1376   1376   1379   1381   1382   1382   1382   1382   1382   1382   1386   1388   1388   1387   1382   1380   1390   0   0   0   0   0   0   0   0   0   0   0   
0   0   0   0   0   0   1371   1371   1371   1371   1371   1371   1371   1371   1371   1374   1376   1376   1376   1376   1376   1376   1376   1371   1371   1372   1379   1381   1382   1382   1382   1382   1382   1382   1382   1382   1380   1380   1381   1382   1382   1381   1376   1376   1376   1376   1376   1376   1376   1376   1376   1376   1376   1376   1376   1376   1376   1379   1382   1382   1382   1382   1382   1382   1382   1387   1387   1384   1381   1381   1390   1416   0   0   0   0   0   0   0   0   0   0   
0   0   0   0   0   0   1371   1371   1371   1371   1375   1376   1372   1371   1371   1375   1376   1376   1375   1374   1374   1376   1376   1371   1371   1371   1376   1381   1382   1382   1382   1382   1382   1382   1382   1382   1382   1380   1382   1382   1382   1380   1376   1376   1376   1376   1376   1376   1376   1376   1376   1376   1376   1376   1376   1376   1376   1379   1379   1382   1382   1382   1382   1382   1382   1382   1387   1384   1382   1385   1388   1416   0   0   0   0   0   0   0   0   0   0   
0   0   0   0   0   0   1371   1371   1371   1376   1376   1376   1376   1376   1376   1376   1376   1376   1374   1374   1374   1376   1376   1371   1371   1371   1376   1376   1381   1382   1382   1382   1382   1382   1382   1382   1382   1382   1382   1382   1382   1380   1376   1376   1376   1376   1376   1376   1376   1376   1376   1376   1376   1376   1376   1376   1376   1376   1379   1382   1382   1382   1382   1382   1382   1383   1384   1384   1382   1385   1386   1410   0   0   0   0   0   0   0   0   0   0   
0   0   0   0   0   0   1371   1371   1372   1376   1376   1376   1376   1376   1376   1376   1376   1376   1376   1374   1375   1375   1375   1371   1371   1371   1376   1376   1376   1379   1382   1382   1382   1382   1382   1382   1382   1382   1382   1382   1382   1380   1376   1376   1376   1376   1376   1376   1376   1376   1376   1376   1376   1376   1376   1376   1376   1376   1379   1382   1382   1382   1382   1382   1382   1384   1384   1384   1385   1385   1386   1396   0   0   0   0   0   0   0   0   0   0   
0   0   0   0   0   0   1373   1372   1373   1376   1376   1376   1376   1376   1376   1376   1376   1376   1376   1376   1375   1376   1376   1375   1371   1371   1376   1376   1376   1376   1379   1382   1382   1382   1382   1380   1380   1382   1382   1382   1382   1380   1376   1376   1376   1376   1376   1376   1376   1376   1376   1376   1376   1376   1376   1376   1376   1376   1380   1380   1382   1382   1382   1382   1383   1384   1387   1387   1387   1385   1386   1394   1393   0   0   0   0   0   0   0   0   0   
0   0   0   0   0   0   1376   1373   1376   1376   1376   1376   1376   1376   1376   1376   1376   1376   1376   1376   1376   1376   1376   1376   1375   1375   1376   1376   1376   1376   1376   1379   1382   1382   1382   1379   1379   1381   1382   1382   1382   1376   1376   1376   1376   1376   1376   1376   1376   1376   1376   1376   1376   1376   1376   1376   1376   1376   1377   1382   1382   1382   1382   1382   1382   1383   1384   1384   1387   1387   1386   1388   1399   1399   0   0   0   0   0   0   0   0   
0   0   0   0   0   0   1376   1376   1376   1376   1376   1376   1376   1376   1376   1376   1376   1376   1376   1376   1376   1376   1376   1376   1375   1375   1376   1376   1376   1376   1376   1376   1382   1382   1382   1382   1382   1382   1382   1382   1380   1376   1376   1376   1376   1376   1376   1376   1376   1376   1376   1376   1376   1376   1376   1376   1376   1376   1376   1382   1382   1382   1382   1382   1382   1382   1384   1384   1387   1388   1388   1388   1399   1399   0   0   0   0   0   0   0   0   
0   0   0   0   0   0   1376   1376   1376   1376   1376   1376   1376   1376   1376   1376   1376   1376   1376   1376   1376   1376   1376   1376   1376   1376   1376   1376   1376   1376   1376   1376   1382   1382   1382   1382   1382   1382   1382   1382   1376   1375   1375   1376   1376   1376   1376   1376   1376   1376   1376   1376   1376   1376   1376   1376   1376   1378   1381   1382   1382   1382   1382   1382   1382   1382   1384   1384   1388   1388   1388   1392   1395   1410   1410   0   0   0   0   0   0   0   
0   0   0   0   0   0   1376   1376   1376   1376   1376   1376   1376   1376   1376   1376   1376   1376   1376   1376   1376   1376   1376   1376   1375   1376   1376   1376   1376   1376   1376   1379   1382   1382   1382   1382   1382   1382   1382   1382   1376   1375   1372   1373   1376   1376   1376   1376   1376   1376   1376   1376   1377   1377   1377   1378   1382   1382   1382   1382   1382   1382   1382   1382   1382   1384   1384   1388   1388   1388   1391   1392   1393   1402   1416   0   0   0   0   0   0   0   
0   0   0   0   0   1388   1376   1376   1376   1376   1376   1376   1376   1376   1376   1376   1376   1376   1376   1376   1376   1376   1376   1376   1376   1376   1376   1376   1376   1376   1376   1379   1382   1382   1382   1382   1382   1382   1382   1382   1380   1376   1376   1376   1376   1376   1376   1376   1376   1376   1376   1377   1378   1378   1378   1382   1382   1382   1382   1382   1382   1382   1382   1382   1382   1384   1388   1388   1388   1391   1395   1395   1404   1412   0   0   0   0   0   0   0   0   
0   0   0   0   0   1388   1376   1376   1376   1376   1376   1376   1376   1376   1376   1376   1376   1376   1376   1376   1376   1376   1376   1376   1376   1376   1376   1376   1376   1376   1379   1379   1382   1382   1382   1382   1382   1382   1382   1382   1381   1376   1376   1376   1376   1376   1376   1376   1376   1376   1376   1376   1377   1377   1382   1382   1382   1382   1382   1382   1382   1382   1382   1382   1383   1388   1388   1388   1388   1392   1395   1397   1410   1416   1422   0   0   0   0   0   0   0   
0   0   0   0   0   1376   1376   1376   1376   1376   1376   1376   1376   1376   1376   1376   1376   1376   1376   1376   1376   1376   1376   1376   1376   1376   1376   1376   1376   1376   1379   1381   1382   1382   1382   1382   1382   1382   1382   1382   1381   1376   1376   1376   1376   1376   1376   1376   1376   1376   1376   1376   1376   1376   1382   1382   1382   1382   1382   1382   1382   1382   1382   1382   1387   1388   1388   1388   1392   1393   1394   1402   1418   1416   1428   0   0   0   0   0   0   0   
0   0   0   0   0   1376   1376   1376   1376   1376   1376   1376   1376   1376   1376   1376   1376   1376   1376   1376   1376   1376   1376   1376   1376   1376   1376   1376   1376   1379   1379   1382   1382   1382   1382   1382   1382   1382   1382   1382   1378   1376   1375   1376   1376   1376   1376   1376   1376   1376   1376   1376   1376   1376   1382   1382   1382   1382   1382   1382   1382   1382   1382   1382   1387   1387   1388   1388   1392   1393   1392   1412   1415   1413   1428   1428   0   0   0   0   0   0   
0   0   0   0   0   1376   1376   1376   1376   1376   1376   1376   1376   1376   1376   1376   1376   1376   1376   1376   1376   1376   1374   1374   1373   1373   1376   1376   1376   1381   1381   1382   1382   1382   1382   1382   1382   1382   1382   1382   1382   1376   1376   1376   1376   1376   1376   1376   1376   1376   1376   1376   1376   1376   1382   1382   1382   1382   1382   1382   1382   1382   1382   1382   1387   1388   1388   1388   1392   1393   1393   1408   1412   1413   1434   1428   0   0   0   0   0   0   
0   0   0   0   0   1376   1373   1376   1376   1376   1376   1376   1376   1376   1376   1376   1376   1376   1376   1376   1376   1371   1371   1371   1371   1371   1373   1376   1376   1376   1381   1381   1382   1382   1382   1382   1382   1382   1382   1382   1382   1380   1376   1376   1376   1376   1376   1376   1376   1376   1376   1376   1376   1379   1382   1382   1382   1382   1382   1382   1382   1382   1382   1382   1388   1388   1388   1391   1393   1393   1394   1405   1405   0   0   0   0   0   0   0   0   0   
0   0   0   0   0   1371   1371   1373   1376   1376   1376   1376   1376   1376   1376   1376   1376   1376   1376   1376   1376   1371   1371   1371   1371   1371   1371   1373   1376   1376   1376   1376   1379   1382   1382   1382   1382   1382   1382   1382   1382   1381   1376   1376   1376   1376   1376   1376   1376   1376   1376   1376   1376   1376   1380   1381   1381   1381   1381   1382   1382   1382   1382   1382   1388   1388   1388   1392   1393   1393   1394   1397   1393   1388   0   0   0   0   0   0   0   0   
0   0   0   0   0   1371   1371   1371   1373   1376   1376   1376   1376   1376   1376   1376   1376   1376   1376   1376   1376   1376   1371   1371   1371   1371   1371   1371   1376   1376   1376   1376   1376   1379   1382   1382   1382   1382   1382   1382   1382   1381   1376   1376   1376   1376   1376   1376   1376   1376   1376   1376   1376   1376   1376   1379   1379   1381   1381   1381   1382   1382   1382   1382   1388   1388   1388   1392   1393   1393   1393   1396   1398   1388   0   0   0   0   0   0   0   0   
0   0   0   0   1362   1363   1366   1371   1371   1371   1376   1376   1376   1376   1376   1376   1376   1376   1376   1376   1376   1376   1376   1371   1371   1371   1371   1374   1376   1376   1376   1376   1376   1379   1382   1382   1382   1382   1382   1382   1382   1381   1376   1376   1376   1376   1376   1376   1376   1376   1376   1376   1376   1376   1376   1376   1376   1376   1376   1378   1381   1382   1382   1382   1388   1388   1388   1392   1393   1396   1396   1397   1390   0   0   0   0   0   0   0   0   0   
0   0   0   0   1360   1360   1363   1366   1371   1371   1371   1376   1376   1376   1376   1376   1376   1376   1376   1376   1376   1376   1376   1376   1376   1374   1376   1376   1376   1376   1376   1376   1376   1379   1379   1382   1380   1380   1382   1382   1382   1381   1375   1373   1376   1376   1376   1376   1376   1376   1376   1376   1376   1376   1376   1376   1376   1376   1376   1376   1376   1377   1382   1382   1388   1388   1388   1392   1393   1396   1396   1398   1398   0   0   0   0   0   0   0   0   0   
0   0   0   1360   1360   1360   1360   1366   1371   1371   1371   1376   1376   1376   1376   1376   1376   1376   1376   1376   1376   1376   1376   1376   1376   1376   1376   1376   1376   1376   1376   1376   1376   1379   1379   1380   1380   1380   1382   1382   1382   1380   1375   1373   1376   1376   1376   1376   1376   1376   1376   1376   1376   1376   1376   1376   1376   1376   1376   1376   1376   1376   1380   1382   1388   1388   1388   1391   1393   1393   1393   1395   1396   0   0   0   0   0   0   0   0   0   
0   0   0   1360   1360   1360   1363   1366   1371   1371   1371   1376   1376   1376   1376   1376   1376   1376   1376   1376   1376   1376   1376   1376   1376   1376   1376   1376   1376   1376   1376   1376   1379   1379   1379   1380   1380   1380   1382   1382   1382   1380   1375   1376   1376   1376   1376   1376   1376   1376   1376   1376   1376   1376   1376   1376   1376   1376   1376   1376   1376   1376   1377   1382   1386   1388   1388   1389   1393   1393   1393   1393   1376   0   0   0   0   0   0   0   0   0   
0   0   0   1360   1360   1360   1366   1366   1371   1371   1371   1376   1376   1376   1376   1376   1376   1376   1376   1376   1376   1376   1376   1376   1376   1376   1376   1376   1376   1376   1376   1379   1379   1379   1380   1380   1382   1382   1382   1382   1382   1377   1375   1373   1375   1376   1376   1376   1376   1376   1376   1376   1376   1376   1376   1376   1376   1376   1376   1376   1376   1376   1376   1382   1382   1388   1388   1388   1389   1390   1394   1388   0   0   0   0   0   0   0   0   0   0   
0   0   0   0   1361   1366   1366   1371   1371   1371   1371   1376   1376   1376   1376   1376   1376   1376   1376   1376   1376   1376   1376   1376   1376   1376   1376   1376   1376   1379   1379   1379   1379   1380   1382   1382   1382   1382   1382   1382   1382   1376   1371   1371   1371   1373   1376   1376   1376   1376   1376   1376   1376   1376   1376   1376   1376   1376   1376   1376   1376   1376   1376   1382   1382   1382   1388   1388   1388   1388   1396   0   0   0   0   0   0   0   0   0   0   0   
0   0   0   0   1366   1366   1366   1371   1371   1371   1371   1376   1376   1376   1376   1376   1376   1376   1376   1376   1376   1376   1376   1376   1376   1376   1376   1376   1376   1379   1379   1379   1380   1382   1382   1382   1382   1382   1382   1382   1382   1375   1371   1371   1371   1371   1376   1376   1376   1376   1376   1376   1376   1376   1376   1376   1376   1376   1376   1376   1376   1376   1376   1382   1382   1382   1382   1385   1384   1389   1388   0   0   0   0   0   0   0   0   0   0   0   
0   0   0   0   1371   1370   1371   1371   1371   1371   1376   1376   1376   1376   1376   1376   1376   1376   1376   1376   1376   1376   1376   1376   1376   1376   1376   1376   1376   1379   1379   1379   1380   1382   1382   1382   1382   1382   1382   1382   1382   1378   1371   1371   1371   1371   1376   1376   1375   1375   1376   1376   1376   1376   1376   1376   1376   1376   1376   1376   1376   1376   1376   1378   1382   1382   1382   1382   1381   1387   1388   0   0   0   0   0   0   0   0   0   0   0   
0   0   0   0   1384   1371   1371   1371   1371   1372   1376   1376   1376   1376   1376   1376   1376   1376   1376   1376   1376   1376   1376   1376   1376   1376   1376   1376   1376   1376   1376   1379   1379   1382   1382   1382   1382   1382   1382   1382   1382   1378   1375   1371   1371   1371   1376   1376   1376   1376   1376   1376   1376   1376   1376   1376   1376   1376   1376   1376   1376   1376   1376   1376   1378   1379   1379   1382   1378   1388   1388   0   0   0   0   0   0   0   0   0   0   0   
0   0   0   0   1385   1371   1371   1371   1372   1373   1376   1376   1376   1376   1376   1376   1376   1376   1376   1376   1376   1376   1376   1376   1376   1376   1376   1376   1376   1376   1376   1376   1379   1380   1382   1382   1382   1382   1382   1382   1382   1380   1375   1371   1371   1371   1376   1376   1376   1376   1376   1376   1376   1376   1376   1376   1376   1376   1376   1376   1376   1376   1376   1376   1376   1378   1379   1379   1378   1378   1385   0   0   0   0   0   0   0   0   0   0   0   
0   0   0   0   0   1372   1372   1372   1372   1373   1376   1376   1376   1376   1376   1376   1376   1376   1376   1376   1376   1376   1376   1376   1376   1376   1376   1376   1376   1376   1376   1376   1376   1380   1382   1382   1382   1382   1382   1382   1382   1380   1375   1373   1371   1371   1376   1376   1376   1376   1376   1376   1376   1376   1376   1376   1376   1376   1376   1376   1376   1376   1376   1376   1376   1376   1379   1379   1379   1378   1381   1376   0   0   1416   1416   1416   1416   0   0   0   0   
0   0   0   0   0   1376   1373   1376   1373   1376   1376   1376   1376   1376   1376   1376   1376   1376   1376   1376   1376   1376   1376   1376   1376   1376   1376   1376   1376   1376   1376   1376   1376   1380   1380   1382   1382   1382   1382   1382   1382   1381   1375   1373   1371   1371   1376   1376   1376   1376   1376   1376   1376   1376   1376   1376   1376   1376   1376   1376   1376   1376   1376   1376   1376   1376   1382   1382   1382   1379   1377   1379   0   1416   1416   1416   1416   1416   0   0   0   0   
0   0   0   0   0   0   1376   1376   1376   1376   1376   1376   1376   1376   1376   1373   1373   1374   1374   1375   1376   1376   1376   1376   1376   1376   1376   1376   1376   1376   1376   1376   1376   1380   1380   1382   1382   1382   1382   1382   1382   1381   1374   1373   1371   1371   1375   1376   1376   1376   1376   1376   1376   1376   1376   1376   1376   1376   1376   1376   1376   1376   1376   1376   1376   1382   1382   1382   1382   1382   1381   1378   1388   1383   1416   1416   1416   1416   0   0   0   0   
0   0   0   0   0   0   1376   1376   1373   1373   1376   1376   1373   1372   1371   1371   1371   1371   1371   1373   1375   1376   1376   1376   1376   1376   1376   1376   1376   1376   1376   1376   1376   1379   1380   1382   1382   1382   1382   1382   1382   1381   1374   1373   1371   1371   1375   1376   1376   1376   1376   1376   1376   1376   1376   1379   1379   1376   1376   1376   1379   1379   1379   1379   1382   1382   1382   1382   1382   1382   1377   1391   1386   1387   1383   1416   1416   1416   0   0   0   0   
0   0   0   0   0   1379   1376   1373   1373   1373   1373   1373   1372   1371   1371   1371   1371   1371   1371   1371   1371   1374   1376   1376   1376   1376   1376   1376   1376   1376   1376   1376   1376   1379   1380   1382   1382   1382   1382   1382   1382   1380   1373   1373   1371   1371   1374   1376   1376   1376   1376   1376   1376   1377   1382   1381   1381   1376   1376   1376   1379   1379   1381   1382   1382   1382   1382   1382   1386   1387   1381   1390   1384   1383   1416   1416   1416   0   0   0   0   0   
0   0   0   0   0   1373   1373   1373   1373   1373   1373   1376   1376   1371   1371   1371   1371   1371   1371   1371   1371   1371   1371   1376   1376   1376   1376   1376   1376   1376   1376   1376   1376   1379   1380   1380   1382   1382   1382   1382   1382   1376   1373   1371   1371   1371   1373   1376   1376   1376   1376   1376   1376   1377   1379   1381   1378   1376   1378   1378   1381   1381   1382   1382   1382   1382   1382   1386   1388   1388   1387   1391   1386   1416   1383   1383   1383   0   0   0   0   0   
0   0   0   0   0   1376   1372   1373   1373   1373   1376   1376   1376   1376   1371   1371   1371   1371   1371   1371   1371   1371   1371   1374   1376   1376   1376   1376   1376   1376   1376   1376   1376   1379   1380   1380   1382   1382   1382   1382   1380   1376   1373   1371   1371   1371   1371   1374   1376   1376   1376   1376   1376   1376   1376   1376   1376   1376   1376   1376   1381   1378   1382   1382   1382   1386   1388   1388   1388   1388   1390   1390   1404   1416   1416   1383   1350   0   0   0   0   0   
0   0   0   0   0   0   1371   1371   1373   1376   1376   1376   1376   1376   1376   1371   1371   1371   1371   1371   1371   1371   1371   1374   1376   1376   1376   1376   1376   1376   1376   1376   1379   1380   1380   1380   1382   1382   1380   1380   1377   1376   1371   1371   1371   1371   1371   1371   1374   1376   1376   1376   1376   1376   1376   1376   1376   1376   1376   1376   1376   1381   1382   1382   1386   1388   1388   1388   1391   1391   1390   1392   0   0   0   0   0   0   0   0   0   0   
0   0   0   0   0   0   1371   1372   1376   1376   1376   1376   1376   1376   1376   1373   1373   1373   1371   1371   1371   1371   1373   1375   1376   1376   1376   1376   1376   1376   1376   1379   1379   1379   1380   1380   1380   1380   1380   1377   1376   1376   1371   1371   1371   1371   1371   1371   1371   1376   1376   1376   1376   1376   1376   1376   1376   1376   1376   1376   1376   1376   1382   1382   1386   1388   1388   1388   1391   1393   1390   0   0   0   0   0   0   0   0   0   0   0   
0   0   0   0   0   1376   1375   1376   1376   1376   1376   1376   1376   1376   1376   1373   1373   1371   1371   1371   1371   1371   1371   1374   1376   1376   1376   1376   1376   1376   1376   1379   1379   1379   1379   1379   1379   1379   1376   1376   1376   1375   1371   1371   1371   1371   1371   1371   1371   1371   1376   1376   1376   1376   1376   1376   1376   1376   1376   1376   1376   1376   1380   1382   1386   1388   1388   1388   1389   1390   1385   0   0   0   0   0   0   0   0   0   0   0   
0   0   0   0   0   1376   1376   1376   1376   1376   1376   1376   1376   1376   1376   1375   1373   1371   1371   1371   1371   1371   1371   1371   1376   1376   1376   1376   1376   1376   1376   1376   1376   1376   1376   1376   1376   1376   1376   1376   1376   1375   1371   1371   1371   1371   1371   1371   1371   1371   1371   1371   1376   1376   1376   1376   1376   1376   1376   1376   1376   1376   1379   1382   1382   1388   1388   1388   1388   1392   1391   0   0   0   0   0   0   0   0   0   0   0   
0   0   0   0   0   1376   1376   1376   1376   1376   1376   1376   1376   1376   1376   1376   1375   1372   1371   1371   1371   1371   1371   1371   1376   1376   1376   1376   1376   1376   1376   1376   1376   1376   1376   1376   1376   1376   1376   1376   1376   1375   1371   1371   1371   1371   1371   1371   1371   1371   1371   1371   1371   1376   1376   1376   1376   1376   1376   1376   1376   1376   1380   1382   1386   1388   1388   1388   1389   1390   1387   0   0   0   0   0   0   0   0   0   0   0   
0   0   0   0   0   1376   1376   1376   1376   1376   1376   1376   1376   1376   1376   1376   1376   1376   1375   1375   1375   1371   1371   1371   1376   1376   1376   1376   1376   1376   1376   1376   1376   1376   1376   1376   1376   1376   1376   1376   1376   1375   1371   1371   1371   1371   1371   1371   1371   1371   1371   1371   1371   1376   1376   1376   1376   1376   1376   1376   1376   1376   1380   1382   1388   1388   1388   1389   1389   1388   1390   0   0   0   0   0   0   0   0   0   0   0   
0   0   0   0   0   1376   1376   1376   1376   1376   1376   1376   1376   1376   1376   1376   1376   1376   1376   1376   1375   1375   1371   1374   1376   1376   1376   1376   1376   1376   1376   1376   1376   1376   1376   1376   1376   1376   1376   1376   1376   1375   1371   1371   1374   1371   1371   1371   1371   1371   1371   1371   1371   1376   1376   1376   1376   1376   1376   1376   1376   1376   1376   1382   1388   1388   1388   1389   1389   1387   0   0   0   0   0   0   0   0   0   0   0   0   
0   0   0   0   1376   1376   1376   1375   1375   1376   1376   1376   1376   1376   1376   1376   1376   1376   1376   1376   1375   1375   1371   1374   1376   1376   1376   1376   1376   1376   1376   1376   1376   1376   1376   1376   1376   1376   1376   1376   1376   1376   1375   1375   1374   1371   1371   1371   1371   1371   1371   1371   1372   1376   1376   1376   1376   1376   1376   1376   1376   1376   1376   1380   1386   1388   1388   1388   1388   1377   0   0   0   0   0   0   0   0   0   0   0   0   
0   0   0   0   1376   1376   1376   1376   1375   1375   1376   1376   1376   1376   1375   1371   1375   1375   1375   1371   1371   1371   1371   1371   1374   1376   1376   1376   1376   1376   1376   1376   1376   1376   1376   1376   1376   1376   1376   1376   1376   1376   1375   1376   1375   1371   1371   1371   1371   1371   1371   1371   1372   1376   1376   1376   1376   1376   1376   1376   1376   1376   1376   1376   1382   1385   1386   1382   1383   1374   0   0   0   0   0   0   0   0   0   0   0   0   
0   0   0   0   1376   1373   1373   1372   1372   1374   1375   1376   1375   1371   1371   1371   1371   1371   1371   1371   1371   1371   1371   1371   1371   1373   1376   1376   1376   1376   1376   1376   1376   1376   1376   1376   1376   1376   1376   1376   1376   1376   1376   1376   1375   1371   1371   1371   1371   1371   1371   1372   1376   1376   1376   1376   1376   1376   1376   1376   1376   1376   1376   1376   1382   1382   1382   1382   1382   1374   1376   0   0   0   0   0   0   0   0   0   0   0   
0   0   0   0   0   1373   1371   1371   1371   1371   1375   1376   1376   1371   1371   1371   1372   1371   1371   1371   1371   1371   1371   1371   1371   1371   1373   1373   1376   1376   1376   1376   1376   1376   1376   1376   1376   1376   1376   1376   1376   1376   1375   1376   1371   1371   1371   1371   1371   1371   1371   1373   1376   1376   1376   1376   1376   1376   1376   1376   1376   1376   1376   1376   1379   1382   1382   1382   1378   1376   0   0   0   0   0   0   0   0   0   0   0   0   
0   0   0   0   0   1373   1372   1371   1371   1371   1375   1376   1376   1376   1375   1375   1375   1375   1371   1371   1371   1371   1371   1371   1371   1371   1373   1373   1376   1376   1376   1376   1376   1376   1376   1376   1376   1376   1376   1376   1376   1375   1375   1371   1371   1371   1371   1371   1371   1371   1371   1376   1376   1376   1376   1376   1376   1376   1376   1376   1376   1376   1376   1376   1379   1379   1379   1379   1379   1374   1376   0   0   0   0   0   0   0   0   0   0   0   
0   0   0   0   0   1373   1372   1372   1371   1372   1376   1376   1376   1376   1376   1376   1376   1376   1375   1374   1375   1375   1375   1371   1371   1371   1373   1373   1376   1376   1376   1376   1376   1376   1376   1376   1376   1376   1376   1376   1376   1375   1371   1371   1371   1371   1371   1371   1371   1371   1371   1371   1376   1376   1376   1376   1376   1376   1376   1376   1376   1376   1376   1376   1376   1379   1379   1379   1379   1375   1373   0   0   0   0   0   0   0   0   0   0   0   
0   0   0   0   0   1372   1372   1373   1373   1373   1376   1376   1376   1376   1376   1376   1376   1376   1376   1375   1376   1376   1376   1376   1374   1371   1371   1373   1376   1376   1376   1376   1376   1376   1376   1376   1376   1376   1376   1376   1376   1375   1371   1371   1371   1371   1371   1371   1371   1371   1371   1371   1371   1376   1376   1376   1376   1376   1376   1376   1376   1376   1376   1376   1376   1376   1376   1376   1376   1376   1371   0   0   0   0   0   0   0   0   0   0   0   
0   0   0   0   0   1371   1371   1371   1373   1376   1376   1376   1376   1376   1376   1376   1376   1376   1376   1376   1376   1376   1376   1376   1376   1371   1371   1371   1371   1376   1376   1376   1376   1376   1376   1376   1376   1376   1376   1376   1376   1375   1371   1371   1371   1371   1371   1371   1371   1371   1371   1371   1371   1371   1376   1376   1376   1376   1376   1376   1376   1376   1376   1376   1376   1376   1376   1376   1376   1376   1375   0   0   0   0   0   0   0   0   0   0   0   
0   0   0   0   0   1371   1371   1371   1373   1376   1376   1376   1376   1376   1376   1376   1376   1376   1376   1376   1376   1376   1376   1376   1376   1371   1371   1371   1371   1371   1376   1376   1376   1376   1376   1376   1376   1376   1376   1376   1376   1375   1371   1371   1371   1371   1371   1371   1371   1371   1371   1371   1371   1371   1376   1376   1376   1376   1376   1376   1376   1376   1376   1376   1376   1376   1376   1379   1379   1376   1376   0   0   0   0   0   0   0   0   0   0   0   
0   0   0   0   0   1371   1371   1371   1371   1373   1376   1376   1376   1376   1376   1376   1376   1376   1376   1376   1376   1376   1376   1376   1376   1371   1371   1371   1371   1371   1376   1376   1376   1376   1376   1376   1376   1376   1376   1376   1376   1375   1371   1371   1371   1371   1371   1371   1371   1371   1371   1371   1371   1371   1376   1376   1376   1376   1376   1376   1376   1376   1376   1376   1376   1376   1379   1379   1379   1376   1375   1376   0   0   0   0   0   0   0   0   0   0   
0   0   0   0   1371   1371   1371   1371   1371   1372   1376   1376   1376   1376   1376   1376   1376   1376   1376   1376   1376   1376   1376   1376   1376   1371   1371   1371   1371   1371   1376   1376   1376   1376   1376   1376   1376   1376   1376   1376   1376   1375   1371   1371   1371   1371   1371   1371   1371   1371   1371   1371   1371   1371   1374   1376   1376   1376   1376   1376   1376   1379   1379   1376   1376   1379   1379   1379   1379   1377   1374   1376   0   0   0   0   0   0   0   0   0   0   
0   0   0   0   1371   1371   1371   1371   1371   1372   1376   1376   1376   1376   1376   1376   1376   1376   1376   1376   1376   1376   1376   1376   1376   1371   1371   1371   1371   1374   1376   1371   1376   1376   1376   1376   1376   1376   1376   1376   1376   1375   1371   1371   1371   1371   1371   1371   1371   1371   1371   1371   1371   1371   1371   1376   1376   1376   1376   1376   1376   1376   1376   1376   1376   1379   1379   1379   1379   1379   1376   1376   0   0   0   0   0   0   0   0   0   0   
0   0   0   1371   1364   1366   1366   1371   1371   1371   1372   1376   1376   1376   1376   1376   1376   1376   1376   1376   1376   1376   1376   1376   1376   1372   1371   1371   1371   1371   1371   1371   1371   1371   1375   1376   1376   1376   1376   1376   1376   1375   1371   1371   1371   1371   1371   1371   1371   1371   1371   1371   1371   1371   1372   1376   1376   1376   1376   1376   1376   1376   1376   1378   1379   1382   1382   1381   1379   1376   1379   1373   0   0   0   0   0   0   0   0   0   0   
0   0   0   1364   1360   1360   1366   1366   1371   1371   1371   1371   1374   1376   1376   1376   1376   1376   1376   1376   1376   1376   1376   1376   1375   1372   1371   1371   1371   1371   1371   1371   1371   1371   1371   1373   1376   1376   1376   1376   1376   1375   1371   1371   1371   1371   1371   1371   1371   1371   1371   1371   1371   1371   1376   1376   1376   1376   1376   1376   1376   1376   1376   1382   1382   1382   1382   1382   1379   1376   1382   1376   0   0   0   0   0   0   0   0   0   0   
0   0   0   0   1360   1360   1366   1366   1369   1371   1371   1371   1371   1371   1375   1376   1376   1376   1376   1376   1376   1376   1376   1375   1372   1371   1371   1371   1371   1371   1371   1371   1371   1371   1371   1371   1376   1376   1376   1376   1376   1375   1371   1371   1371   1371   1371   1371   1373   1374   1376   1375   1375   1376   1376   1376   1376   1376   1376   1376   1376   1376   1376   1382   1382   1382   1382   1385   1382   1375   1383   1378   0   0   0   0   0   0   0   0   0   0   
0   0   0   0   1364   1360   1366   1366   1371   1371   1371   1371   1371   1371   1371   1375   1376   1376   1376   1376   1376   1376   1375   1372   1371   1371   1371   1371   1371   1371   1371   1371   1371   1371   1371   1371   1371   1376   1376   1376   1376   1375   1371   1371   1371   1371   1371   1371   1374   1376   1376   1376   1376   1376   1376   1376   1376   1376   1376   1376   1376   1376   1376   1382   1382   1382   1382   1385   1382   1377   1385   1389   0   0   0   0   0   0   0   0   0   0   
0   0   0   0   1366   1366   1366   1371   1371   1371   1371   1371   1371   1371   1371   1371   1376   1376   1376   1376   1376   1375   1375   1371   1371   1371   1371   1371   1371   1371   1371   1371   1371   1371   1371   1371   1371   1376   1376   1376   1376   1375   1371   1371   1371   1371   1371   1371   1375   1376   1376   1376   1376   1376   1376   1376   1376   1376   1376   1376   1376   1376   1376   1376   1382   1382   1382   1382   1378   1377   1383   1391   1416   0   0   0   0   0   0   0   0   0   
0   0   0   0   1369   1366   1371   1371   1371   1371   1371   1371   1371   1371   1371   1371   1374   1376   1376   1376   1376   1375   1371   1371   1371   1371   1371   1371   1372   1373   1372   1371   1371   1371   1371   1371   1371   1374   1376   1376   1376   1375   1371   1371   1371   1371   1371   1371   1371   1376   1376   1376   1376   1376   1376   1371   1371   1371   1371   1376   1376   1376   1376   1376   1380   1382   1382   1382   1378   1377   1390   1394   1404   0   0   0   0   0   0   0   0   0   
0   0   0   0   1371   1371   1371   1371   1371   1371   1371   1371   1371   1371   1371   1371   1373   1375   1376   1376   1376   1375   1371   1371   1371   1371   1371   1371   1372   1373   1373   1371   1371   1371   1371   1371   1371   1371   1374   1376   1376   1375   1371   1371   1371   1371   1371   1371   1371   1373   1376   1376   1376   1375   1375   1371   1371   1371   1371   1376   1376   1376   1376   1376   1376   1382   1382   1382   1382   1378   1389   1397   1399   0   0   0   0   0   0   0   0   0   
0   0   0   0   1368   1371   1371   1371   1371   1371   1371   1371   1371   1373   1371   1373   1373   1376   1376   1376   1376   1374   1371   1370   1371   1371   1371   1371   1371   1372   1372   1371   1371   1371   1371   1371   1371   1371   1371   1374   1375   1375   1371   1371   1371   1371   1371   1371   1371   1371   1374   1375   1376   1376   1376   1376   1376   1376   1376   1376   1376   1376   1376   1376   1376   1381   1382   1382   1382   1375   1380   1396   0   0   0   0   0   0   0   0   0   0   
0   0   0   1369   1368   1371   1371   1371   1371   1371   1371   1371   1371   1373   1373   1373   1375   1376   1376   1376   1376   1374   1370   1370   1370   1371   1371   1371   1371   1371   1371   1371   1371   1371   1371   1371   1371   1371   1371   1371   1375   1375   1371   1371   1371   1371   1371   1371   1371   1371   1374   1376   1376   1376   1376   1376   1376   1376   1376   1376   1376   1376   1376   1376   1376   1376   1381   1378   1381   1375   1374   1457   0   0   0   0   0   0   0   0   0   0   
0   0   0   1372   1371   1371   1371   1371   1371   1371   1371   1371   1371   1373   1373   1373   1376   1376   1376   1376   1376   1374   1371   1369   1369   1371   1371   1371   1371   1371   1371   1371   1371   1371   1371   1371   1371   1371   1371   1371   1375   1375   1371   1371   1371   1371   1371   1371   1371   1371   1376   1376   1376   1376   1376   1376   1376   1376   1376   1376   1376   1376   1376   1376   1376   1376   1376   1378   1379   1373   1400   0   0   0   0   0   0   0   0   0   0   0   
0   0   1378   1376   1372   1371   1371   1371   1371   1371   1371   1371   1371   1371   1371   1373   1374   1376   1376   1376   1376   1376   1371   1371   1371   1371   1371   1371   1371   1371   1371   1371   1371   1371   1371   1371   1371   1371   1371   1371   1375   1375   1371   1371   1371   1371   1371   1371   1371   1371   1376   1376   1376   1376   1376   1376   1376   1376   1376   1376   1376   1376   1376   1376   1376   1376   1376   1378   1379   1360   1396   0   0   0   0   0   0   0   0   0   0   0   
0   0   1377   1373   1373   1371   1371   1371   1371   1371   1371   1371   1371   1371   1371   1373   1374   1376   1376   1376   1376   1375   1371   1371   1371   1371   1371   1371   1371   1371   1371   1371   1371   1371   1371   1371   1371   1371   1371   1375   1375   1375   1371   1371   1371   1371   1371   1371   1371   1371   1372   1376   1376   1376   1376   1376   1376   1376   1376   1376   1376   1376   1376   1376   1376   1376   1378   1378   1380   1381   1448   0   0   0   0   0   0   0   0   0   1438   1438   
0   1374   1371   1369   1371   1371   1371   1371   1371   1371   1371   1371   1371   1371   1371   1374   1374   1376   1376   1376   1376   1373   1371   1371   1371   1371   1371   1369   1371   1371   1371   1371   1371   1371   1371   1371   1371   1371   1371   1375   1375   1375   1371   1371   1371   1371   1371   1371   1371   1371   1371   1376   1376   1376   1376   1376   1376   1376   1376   1376   1376   1376   1376   1376   1376   1376   1378   1381   1380   1383   0   0   0   0   0   0   0   0   0   0   1467   1462   
0   1366   1366   1366   1366   1366   1371   1371   1371   1371   1370   1370   1371   1371   1371   1373   1371   1376   1376   1376   1376   1371   1371   1371   1371   1371   1369   1369   1369   1371   1371   1371   1371   1371   1371   1371   1371   1371   1371   1375   1375   1375   1371   1371   1371   1371   1371   1371   1371   1371   1371   1371   1376   1376   1376   1376   1376   1376   1376   1376   1376   1376   1376   1376   1376   1376   1381   1381   1381   1383   1390   0   0   0   0   1431   1438   0   0   1467   1464   1460   
0   1366   1366   1366   1366   1366   1366   1370   1371   1370   1370   1370   1370   1371   1371   1371   1371   1372   1376   1376   1373   1372   1371   1371   1371   1371   1371   1369   1368   1370   1371   1371   1371   1371   1371   1371   1371   1371   1371   1376   1375   1375   1371   1371   1371   1371   1371   1371   1371   1371   1371   1371   1371   1374   1376   1376   1376   1376   1376   1376   1376   1376   1376   1376   1376   1376   1381   1382   1381   1385   1390   1393   0   0   0   1392   1391   1436   0   1464   1456   1435   
0   1366   1366   1366   1366   1366   1366   1370   1370   1370   1370   1370   1370   1371   1371   1371   1371   1371   1372   1373   1372   1371   1371   1371   1371   1371   1371   1371   1369   1370   1371   1371   1371   1371   1371   1371   1371   1372   1376   1376   1376   1375   1371   1371   1371   1371   1371   1371   1371   1371   1371   1371   1371   1371   1371   1371   1376   1376   1376   1376   1376   1376   1376   1376   1376   1376   1381   1382   1387   1387   1389   1395   1393   0   0   1393   1378   1387   0   1461   1434   1441   
1366   1366   1366   1366   1366   1366   1366   1370   1370   1370   1370   1370   1370   1370   1371   1371   1371   1371   1371   1371   1371   1371   1371   1371   1371   1371   1371   1370   1368   1366   1368   1371   1368   1368   1368   1371   1371   1371   1376   1376   1376   1375   1371   1371   1371   1371   1371   1371   1371   1371   1371   1371   1371   1371   1371   1371   1371   1371   1376   1376   1376   1376   1376   1376   1376   1376   1381   1382   1387   1387   1390   1393   1401   1432   1383   1383   1397   1378   1382   1382   1386   1394   
